"Date","Time","Open","High","Low","Close","Vol","OI"
01/02/2008,22:00,28.47,28.61,27.51,27.83,269794140,0
01/03/2008,22:00,27.92,28.20,27.53,27.85,210519610,0
01/04/2008,22:00,27.35,27.57,25.56,25.72,363962466,0
01/07/2008,22:00,25.89,26.23,24.32,25.38,518051415,0
01/08/2008,22:00,25.73,26.07,24.40,24.46,380981307,0
01/09/2008,22:00,24.47,25.64,24.04,25.63,453995017,0
01/10/2008,22:00,25.37,25.86,25.06,25.43,370756092,0
01/11/2008,22:00,25.14,25.41,24.29,24.67,308131936,0
01/14/2008,22:00,25.36,25.63,25.02,25.54,275126922,0
01/15/2008,22:00,25.39,25.60,23.52,24.15,587607300,0
01/16/2008,22:00,23.60,24.14,22.39,22.81,554360023,0
01/17/2008,22:00,23.07,23.43,22.63,22.98,444011393,0
01/18/2008,22:00,23.19,23.68,22.80,23.05,431130945,0
01/22/2008,22:00,21.15,22.85,20.86,22.23,608818567,0
01/23/2008,22:00,19.46,20.00,18.02,19.87,843266144,0
01/24/2008,22:00,20.00,20.10,18.86,19.37,501489835,0
01/25/2008,22:00,19.86,19.87,18.52,18.57,388693977,0
01/28/2008,22:00,18.31,18.95,18.06,18.57,368716768,0
01/29/2008,22:00,18.74,18.97,18.44,18.79,275009462,0
01/30/2008,22:00,18.77,19.35,18.57,18.88,310777187,0
01/31/2008,22:00,18.49,19.52,18.49,19.34,336432635,0
02/01/2008,22:00,19.46,19.51,18.88,19.11,252696801,0
02/04/2008,22:00,19.17,19.41,18.77,18.81,224815367,0
02/05/2008,22:00,18.63,19.14,18.41,18.48,285269208,0
02/06/2008,22:00,18.69,18.85,17.40,17.43,393327550,0
02/07/2008,22:00,17.14,17.83,16.75,17.32,521161725,0
02/08/2008,22:00,17.44,17.96,17.37,17.93,339002923,0
02/11/2008,22:00,18.29,18.57,18.17,18.49,300417768,0
02/12/2008,22:00,18.67,18.71,17.66,17.84,306517141,0
02/13/2008,22:00,18.10,18.54,17.95,18.49,242141683,0
02/14/2008,22:00,18.49,18.69,18.14,18.21,238570773,0
02/15/2008,22:00,18.04,18.15,17.72,17.80,225329972,0
02/19/2008,22:00,18.00,18.11,17.35,17.45,251266995,0
02/20/2008,22:00,17.46,17.80,17.38,17.69,241883159,0
02/21/2008,22:00,18.01,18.07,17.27,17.36,234538612,0
02/22/2008,22:00,17.50,17.50,16.55,17.07,382499159,0
02/25/2008,22:00,16.94,17.17,16.67,17.11,314207180,0
02/26/2008,22:00,16.81,17.30,16.49,17.02,376241880,0
02/27/2008,22:00,16.89,17.58,16.87,17.57,368831323,0
02/28/2008,22:00,18.17,18.89,17.97,18.56,404564678,0
02/29/2008,22:00,18.47,18.60,17.83,17.86,313879993,0
03/03/2008,22:00,17.78,18.00,16.86,17.39,398464514,0
03/04/2008,22:00,17.43,17.84,17.20,17.80,446354867,0
03/05/2008,22:00,17.65,17.88,17.46,17.78,305510667,0
03/06/2008,22:00,17.80,18.21,17.26,17.28,368432778,0
03/07/2008,22:00,17.20,17.57,17.01,17.46,307682648,0
03/10/2008,22:00,17.43,17.64,17.05,17.10,250178369,0
03/11/2008,22:00,17.73,18.21,17.43,18.19,291372319,0
03/12/2008,22:00,18.15,18.38,17.88,18.00,264906992,0
03/13/2008,22:00,17.73,18.50,17.57,18.28,316075669,0
03/14/2008,22:00,18.55,18.61,17.74,18.09,289214583,0
03/17/2008,22:00,17.51,18.37,17.51,18.10,268168684,0
03/18/2008,22:00,18.45,19.00,18.38,18.97,301298515,0
03/19/2008,22:00,19.02,19.18,18.52,18.52,252637350,0
03/20/2008,22:00,18.73,19.04,18.45,19.04,227200043,0
03/24/2008,22:00,19.14,20.12,19.09,19.93,266852999,0
03/25/2008,22:00,19.99,20.44,19.62,20.14,263175430,0
03/26/2008,22:00,20.12,20.82,20.09,20.72,295537179,0
03/27/2008,22:00,20.71,20.76,20.00,20.04,249962167,0
03/28/2008,22:00,20.26,20.66,20.23,20.43,178846031,0
03/31/2008,22:00,20.47,20.82,20.36,20.50,192027031,0
04/01/2008,22:00,20.90,21.38,20.52,21.36,258165019,0
04/02/2008,22:00,21.25,21.60,20.84,21.07,261266754,0
04/03/2008,22:00,21.01,21.95,21.00,21.66,262946208,0
04/04/2008,22:00,21.74,22.10,21.54,21.87,213714543,0
04/07/2008,22:00,22.30,22.81,22.16,22.27,289783396,0
04/08/2008,22:00,21.94,22.35,21.76,21.83,253813182,0
04/09/2008,22:00,21.90,21.98,21.49,21.63,218484315,0
04/10/2008,22:00,21.59,22.20,21.51,22.08,239144962,0
04/11/2008,22:00,21.82,21.90,20.91,21.02,302566915,0
04/14/2008,22:00,20.97,21.32,20.65,21.11,211325772,0
04/15/2008,22:00,21.34,21.39,20.82,21.20,174516552,0
04/16/2008,22:00,21.67,22.01,21.52,21.96,198957227,0
04/17/2008,22:00,22.02,22.29,21.91,22.07,176336153,0
04/18/2008,22:00,22.73,23.18,22.63,23.01,256707269,0
04/21/2008,22:00,23.17,24.07,23.11,24.02,259802795,0
04/22/2008,22:00,23.91,24.00,22.58,22.89,359914877,0
04/23/2008,22:00,23.44,23.55,23.01,23.27,376125106,0
04/24/2008,22:00,23.62,24.28,22.74,24.13,424338726,0
04/25/2008,22:00,24.39,24.44,23.77,24.25,248122889,0
04/28/2008,22:00,24.25,24.82,24.16,24.61,196809312,0
04/29/2008,22:00,24.44,25.09,24.32,25.01,230880237,0
04/30/2008,22:00,25.17,25.55,24.70,24.85,284894351,0
05/01/2008,22:00,24.99,25.71,24.98,25.71,225909047,0
05/02/2008,22:00,25.74,25.99,25.51,25.85,251522726,0
05/05/2008,22:00,25.99,26.47,25.86,26.39,213776157,0
05/06/2008,22:00,26.38,26.73,26.03,26.67,229730501,0
05/07/2008,22:00,26.58,26.89,25.79,26.08,289294775,0
05/08/2008,22:00,26.25,26.64,26.15,26.44,224778036,0
05/09/2008,22:00,26.17,26.32,25.91,26.21,168273490,0
05/12/2008,22:00,26.46,26.98,26.12,26.88,204842190,0
05/13/2008,22:00,26.94,27.35,26.84,27.14,205810367,0
05/14/2008,22:00,27.32,27.46,26.51,26.61,229228391,0
05/15/2008,22:00,26.69,27.13,26.31,27.10,218309665,0
05/16/2008,22:00,27.16,27.19,26.71,26.80,191469054,0
05/19/2008,22:00,26.84,26.96,25.90,26.23,236582080,0
05/20/2008,22:00,25.97,26.59,25.73,26.56,242467211,0
05/21/2008,22:00,26.52,26.86,25.18,25.46,289438506,0
05/22/2008,22:00,25.61,25.90,24.57,25.29,301743533,0
05/23/2008,22:00,25.82,26.00,25.40,25.88,227096737,0
05/27/2008,22:00,26.11,26.63,25.98,26.63,197487724,0
05/28/2008,22:00,26.77,26.85,26.25,26.72,185997287,0
05/29/2008,22:00,26.68,26.89,26.50,26.67,161800793,0
05/30/2008,22:00,26.78,27.08,26.77,26.96,152557125,0
06/02/2008,22:00,26.94,27.09,26.36,26.59,169990240,0
06/03/2008,22:00,26.69,26.89,26.05,26.48,189357854,0
06/04/2008,22:00,26.29,26.73,26.18,26.46,181873734,0
06/05/2008,22:00,26.62,27.12,26.53,27.06,188872516,0
06/06/2008,22:00,26.86,27.14,26.51,26.52,241627799,0
06/09/2008,22:00,26.40,26.42,25.11,25.94,472128650,0
06/10/2008,22:00,25.79,26.68,25.57,26.52,285242965,0
06/11/2008,22:00,26.33,26.57,25.66,25.83,240399894,0
06/12/2008,22:00,25.93,26.09,24.46,24.75,327118190,0
06/13/2008,22:00,24.52,24.88,23.62,24.62,336498911,0
06/16/2008,22:00,24.47,25.41,24.15,25.26,262945158,0
06/17/2008,22:00,25.44,26.00,25.34,25.92,225052933,0
06/18/2008,22:00,25.87,26.03,25.34,25.54,202871536,0
06/19/2008,22:00,25.51,26.05,25.26,25.84,198183167,0
06/20/2008,22:00,25.62,25.86,25.00,25.04,222098324,0
06/23/2008,22:00,24.96,25.13,24.51,24.74,161508081,0
06/24/2008,22:00,24.62,25.11,24.52,24.75,155520561,0
06/25/2008,22:00,24.94,25.42,24.84,25.31,92890854,0
06/26/2008,22:00,24.87,24.98,24.00,24.04,217408639,0
06/27/2008,22:00,23.79,24.37,23.45,24.30,260563205,0
06/30/2008,22:00,24.31,24.57,23.80,23.92,171092446,0
07/01/2008,22:00,23.46,24.96,23.43,24.95,277820592,0
07/02/2008,22:00,25.03,25.35,24.03,24.03,209678343,0
07/03/2008,22:00,24.23,24.60,23.68,24.30,130859225,0
07/07/2008,22:00,24.74,25.30,24.56,25.02,205099671,0
07/08/2008,22:00,25.06,25.67,24.68,25.65,222172923,0
07/09/2008,22:00,25.74,25.84,24.88,24.89,224037548,0
07/10/2008,22:00,24.99,25.33,24.48,25.23,210171829,0
07/11/2008,22:00,25.07,25.30,24.43,24.65,232502298,0
07/14/2008,22:00,25.61,25.61,24.73,24.84,221522490,0
07/15/2008,22:00,24.64,24.82,23.77,24.23,260020880,0
07/16/2008,22:00,24.31,24.70,24.09,24.69,187018769,0
07/17/2008,22:00,24.87,25.00,24.48,24.54,189401667,0
07/18/2008,22:00,24.07,24.24,23.57,23.59,217132125,0
07/21/2008,22:00,23.84,23.93,23.02,23.76,340267277,0
07/22/2008,22:00,21.29,23.25,20.93,23.15,469908355,0
07/23/2008,22:00,23.57,24.05,23.08,23.75,265454826,0
07/24/2008,22:00,23.47,23.61,22.64,22.72,209927655,0
07/25/2008,22:00,22.91,23.29,22.66,23.16,158409454,0
07/28/2008,22:00,23.19,23.21,22.00,22.06,195241445,0
07/29/2008,22:00,22.20,22.78,21.95,22.44,171064670,0
07/30/2008,22:00,22.54,22.93,22.30,22.84,181323660,0
07/31/2008,22:00,22.51,23.17,22.43,22.71,159380375,0
08/01/2008,22:00,22.84,22.86,22.25,22.38,136246866,0
08/04/2008,22:00,22.37,22.56,21.84,21.89,148181208,0
08/05/2008,22:00,22.20,22.97,22.12,22.95,172168220,0
08/06/2008,22:00,22.85,23.91,22.57,23.46,197865206,0
08/07/2008,22:00,23.24,23.74,23.07,23.37,168129031,0
08/08/2008,22:00,23.41,24.24,23.39,24.22,178561740,0
08/11/2008,22:00,24.30,25.21,24.24,24.79,222832442,0
08/12/2008,22:00,24.79,25.61,24.79,25.25,209105862,0
08/13/2008,22:00,25.43,25.71,25.13,25.61,210713748,0
08/14/2008,22:00,25.48,25.78,25.41,25.62,177831493,0
08/15/2008,22:00,25.58,25.68,25.01,25.11,177095821,0
08/18/2008,22:00,25.08,25.40,24.83,25.06,138021121,0
08/19/2008,22:00,24.93,25.30,24.54,24.79,154069139,0
08/20/2008,22:00,24.97,25.28,24.80,25.12,126787976,0
08/21/2008,22:00,24.92,25.06,24.56,24.90,135024680,0
08/22/2008,22:00,25.12,25.36,25.08,25.26,109941811,0
08/25/2008,22:00,25.16,25.18,24.52,24.65,121127573,0
08/26/2008,22:00,24.68,24.98,24.66,24.81,111450136,0
08/27/2008,22:00,24.76,25.11,24.60,24.95,119473557,0
08/28/2008,22:00,25.04,25.18,24.68,24.82,107848307,0
08/29/2008,22:00,24.71,24.79,24.15,24.22,149837128,0
09/02/2008,22:00,24.63,24.79,23.57,23.74,195384882,0
09/03/2008,22:00,23.83,24.10,23.43,23.85,183741019,0
09/04/2008,22:00,23.69,23.99,22.97,23.03,186133367,0
09/05/2008,22:00,22.66,23.20,22.52,22.88,196727083,0
09/08/2008,22:00,23.51,23.56,21.64,22.56,261564611,0
09/09/2008,22:00,22.41,22.85,21.40,21.67,311273004,0
09/10/2008,22:00,21.76,22.14,21.26,21.66,243335358,0
09/11/2008,22:00,21.17,21.86,20.86,21.81,242797597,0
09/12/2008,22:00,21.56,21.56,20.93,21.28,198347681,0
09/15/2008,22:00,20.29,21.10,20.05,20.05,230162653,0
09/16/2008,22:00,19.12,20.36,18.88,19.98,299968914,0
09/17/2008,22:00,19.78,19.79,18.26,18.26,300124363,0
09/18/2008,22:00,18.65,19.35,17.24,19.16,419087746,0
09/19/2008,22:00,20.37,20.60,19.47,20.13,358015154,0
09/22/2008,22:00,19.99,20.04,18.67,18.72,214214231,0
09/23/2008,22:00,18.84,19.40,18.09,18.12,320834745,0
09/24/2008,22:00,18.18,18.71,17.88,18.39,261857421,0
09/25/2008,22:00,18.55,19.26,18.36,18.85,251546260,0
09/26/2008,22:00,17.84,18.54,17.57,18.32,281638819,0
09/29/2008,22:00,17.09,17.10,14.37,15.04,655532563,0
09/30/2008,22:00,15.46,16.43,15.19,16.24,406949375,0
10/01/2008,22:00,15.99,16.05,15.34,15.59,324370802,0
10/02/2008,22:00,15.43,15.54,14.29,14.30,402676008,0
10/03/2008,22:00,14.86,15.21,13.52,13.87,575029182,0
10/06/2008,22:00,13.14,14.11,12.51,14.02,526970367,0
10/07/2008,22:00,14.35,14.50,12.71,12.74,470487857,0
10/08/2008,22:00,12.27,13.76,12.24,12.83,552329211,0
10/09/2008,22:00,13.34,13.69,12.37,12.68,404555158,0
10/10/2008,22:00,12.24,14.29,12.14,13.83,555092783,0
10/13/2008,22:00,14.94,15.79,14.43,15.75,385147623,0
10/14/2008,22:00,16.61,16.63,14.73,14.87,495613272,0
10/15/2008,22:00,14.83,15.29,13.98,13.99,396049906,0
10/16/2008,22:00,14.25,14.78,13.11,14.56,495175114,0
10/17/2008,22:00,14.23,14.58,13.86,13.91,440809159,0
10/20/2008,22:00,14.25,14.29,13.38,14.06,387317595,0
10/21/2008,22:00,13.85,13.99,13.02,13.07,548502122,0
10/22/2008,22:00,13.91,14.46,13.28,13.84,562250871,0
10/23/2008,22:00,13.79,14.18,13.13,14.03,418890199,0
10/24/2008,22:00,12.90,13.99,12.87,13.77,397523651,0
10/27/2008,22:00,13.58,13.95,13.12,13.16,302370887,0
10/28/2008,22:00,13.63,14.36,13.20,14.27,408955449,0
10/29/2008,22:00,14.41,15.65,14.28,14.94,488353712,0
10/30/2008,22:00,15.46,16.03,15.37,15.86,409528532,0
10/31/2008,22:00,15.34,15.83,15.02,15.37,415055669,0
11/03/2008,22:00,15.13,15.59,14.98,15.28,264617535,0
11/04/2008,22:00,15.71,15.97,15.24,15.86,350002583,0
11/05/2008,22:00,15.56,15.67,14.71,14.76,314432041,0
11/06/2008,22:00,14.44,14.68,14.00,14.16,329918134,0
11/07/2008,22:00,14.18,14.26,13.67,14.03,273965237,0
11/10/2008,22:00,14.31,14.34,13.50,13.70,281488123,0
11/11/2008,22:00,13.54,13.88,13.18,13.54,306305986,0
11/12/2008,22:00,13.20,13.32,12.86,12.87,294756483,0
11/13/2008,22:00,12.84,13.78,12.29,13.78,463921346,0
11/14/2008,22:00,13.39,13.43,12.86,12.89,351328635,0
11/17/2008,22:00,12.64,12.94,12.47,12.59,290733247,0
11/18/2008,22:00,12.81,13.00,12.41,12.84,302595237,0
11/19/2008,22:00,12.78,13.08,12.32,12.33,293071289,0
11/20/2008,22:00,12.17,12.35,11.43,11.50,429212504,0
11/21/2008,22:00,11.70,12.02,11.31,11.80,392396655,0
11/24/2008,22:00,12.17,13.54,12.12,13.28,360764180,0
11/25/2008,22:00,13.52,13.53,12.59,12.97,308896070,0
11/26/2008,22:00,12.85,13.61,12.84,13.57,225145522,0
11/28/2008,22:00,13.53,13.54,13.12,13.24,75301359,0
12/01/2008,22:00,13.04,13.18,12.70,12.70,231059150,0
12/02/2008,22:00,12.86,13.24,12.36,13.21,287372309,0
12/03/2008,22:00,12.77,13.75,12.69,13.70,335072605,0
12/04/2008,22:00,13.49,13.60,12.72,13.06,272924197,0
12/05/2008,22:00,12.91,13.50,12.69,13.43,261106440,0
12/08/2008,22:00,13.90,14.40,13.69,14.25,296438751,0
12/09/2008,22:00,14.01,14.80,13.89,14.29,301039340,0
12/10/2008,22:00,13.98,14.21,13.79,14.03,234622409,0
12/11/2008,22:00,13.91,14.46,13.55,13.57,260828449,0
12/12/2008,22:00,13.26,14.14,13.22,14.04,260714636,0
12/15/2008,22:00,13.71,13.74,13.29,13.54,223013476,0
12/16/2008,22:00,13.43,13.78,13.25,13.63,281208774,0
12/17/2008,22:00,13.00,13.01,12.57,12.74,324997456,0
12/18/2008,22:00,12.76,12.98,12.63,12.78,214447100,0
12/19/2008,22:00,12.85,12.99,12.69,12.86,203744058,0
12/22/2008,22:00,12.86,12.86,12.10,12.25,211280202,0
12/23/2008,22:00,12.41,12.55,12.27,12.34,160419882,0
12/24/2008,22:00,12.31,12.32,12.08,12.15,67864958,0
12/26/2008,22:00,12.38,12.49,12.18,12.26,77329497,0
12/29/2008,22:00,12.36,12.52,12.15,12.37,171972206,0
12/30/2008,22:00,12.49,12.58,12.10,12.33,242070815,0
12/31/2008,22:00,12.28,12.53,12.19,12.19,152010341,0
01/02/2009,22:00,12.27,13.01,12.17,12.96,188763036,0
01/05/2009,22:00,13.31,13.74,13.24,13.51,297220553,0
01/06/2009,22:00,13.71,13.88,13.20,13.29,323049860,0
01/07/2009,22:00,13.12,13.21,12.89,13.00,189310506,0
01/08/2009,22:00,12.92,13.31,12.86,13.24,168369488,0
01/09/2009,22:00,13.32,13.34,12.88,12.94,137465881,0
01/12/2009,22:00,12.92,13.00,12.51,12.67,154531538,0
01/13/2009,22:00,12.61,12.82,12.34,12.53,199737321,0
01/14/2009,22:00,12.32,12.46,12.10,12.19,268106069,0
01/15/2009,22:00,11.51,12.02,11.44,11.91,460817245,0
01/16/2009,22:00,12.04,12.05,11.49,11.76,262371935,0
01/20/2009,22:00,11.70,11.71,11.17,11.17,230226213,0
01/21/2009,22:00,11.34,11.84,11.33,11.83,275098166,0
01/22/2009,22:00,12.58,12.86,12.26,12.62,352394350,0
01/23/2009,22:00,12.40,12.84,12.36,12.62,190946574,0
01/26/2009,22:00,12.69,13.00,12.61,12.81,174859356,0
01/27/2009,22:00,12.88,13.08,12.82,12.96,154641963,0
01/28/2009,22:00,13.16,13.57,13.07,13.46,219706081,0
01/29/2009,22:00,13.30,13.48,13.23,13.29,148302770,0
01/30/2009,22:00,13.23,13.37,12.86,12.88,163087183,0
02/02/2009,22:00,12.73,13.14,12.70,13.07,139613852,0
02/03/2009,22:00,13.13,13.34,12.90,13.28,149863609,0
02/04/2009,22:00,13.32,13.75,13.30,13.36,202105883,0
02/05/2009,22:00,13.25,13.89,13.23,13.78,187354937,0
02/06/2009,22:00,13.86,14.29,13.86,14.25,171798746,0
02/09/2009,22:00,14.29,14.71,14.21,14.64,178759483,0
02/10/2009,22:00,14.48,14.64,13.87,13.98,212347457,0
02/11/2009,22:00,13.77,14.04,13.68,13.83,168779093,0
02/12/2009,22:00,13.69,14.25,13.69,14.18,204338148,0
02/13/2009,22:00,14.14,14.28,14.02,14.17,153539092,0
02/17/2009,22:00,13.84,13.86,13.47,13.50,169564542,0
02/18/2009,22:00,13.58,13.69,13.25,13.48,171155950,0
02/19/2009,22:00,13.34,13.46,12.87,12.95,230718670,0
02/20/2009,22:00,12.77,13.20,12.71,13.03,187580694,0
02/23/2009,22:00,13.09,13.14,12.36,12.42,196760515,0
02/24/2009,22:00,12.49,12.98,12.43,12.89,201773859,0
02/25/2009,22:00,12.84,13.27,12.75,13.02,208339271,0
02/26/2009,22:00,13.14,13.27,12.71,12.74,157513937,0
02/27/2009,22:00,12.56,13.04,12.52,12.76,176693048,0
03/02/2009,22:00,12.59,13.03,12.52,12.56,192789548,0
03/03/2009,22:00,12.70,12.96,12.55,12.62,181090518,0
03/04/2009,22:00,13.11,13.25,12.78,13.02,185383723,0
03/05/2009,22:00,12.92,13.12,12.64,12.69,176739073,0
03/06/2009,22:00,12.62,12.63,11.76,12.19,252794962,0
03/09/2009,22:00,12.03,12.51,11.80,11.87,174620915,0
03/10/2009,22:00,12.12,12.74,12.05,12.66,211141378,0
03/11/2009,22:00,12.83,13.44,12.80,13.24,211702554,0
03/12/2009,22:00,13.27,13.80,13.14,13.76,192218040,0
03/13/2009,22:00,13.76,13.89,13.57,13.70,150322172,0
03/16/2009,22:00,13.79,13.91,13.45,13.63,199389848,0
03/17/2009,22:00,13.61,14.24,13.58,14.24,197022812,0
03/18/2009,22:00,14.27,14.78,14.25,14.50,199053855,0
03/19/2009,22:00,14.55,14.74,14.32,14.52,125087095,0
03/20/2009,22:00,14.58,14.73,14.37,14.51,173934383,0
03/23/2009,22:00,14.67,15.45,14.54,15.38,166614336,0
03/24/2009,22:00,15.19,15.63,15.06,15.21,160237455,0
03/25/2009,22:00,15.37,15.48,14.84,15.21,161660842,0
03/26/2009,22:00,15.40,15.71,15.37,15.70,154031423,0
03/27/2009,22:00,15.46,15.50,15.20,15.26,123227083,0
03/30/2009,22:00,14.93,15.00,14.66,14.93,125709990,0
03/31/2009,22:00,15.06,15.35,15.00,15.02,142469082,0
04/01/2009,22:00,14.87,15.57,14.84,15.53,147360290,0
04/02/2009,22:00,15.73,16.39,15.68,16.10,203028105,0
04/03/2009,22:00,16.31,16.59,16.22,16.57,159072102,0
04/06/2009,22:00,16.42,16.96,16.18,16.92,164469599,0
04/07/2009,22:00,16.65,16.67,16.31,16.43,134191197,0
04/08/2009,22:00,16.49,16.68,16.37,16.62,113888761,0
04/09/2009,22:00,16.92,17.14,16.85,17.08,132718719,0
04/13/2009,22:00,17.14,17.28,17.00,17.17,97336953,0
04/14/2009,22:00,17.08,17.17,16.75,16.90,113669745,0
04/15/2009,22:00,16.74,16.89,16.54,16.81,103244750,0
04/16/2009,22:00,17.03,17.59,16.97,17.35,148378328,0
04/17/2009,22:00,17.31,17.75,17.18,17.63,124384659,0
04/20/2009,22:00,17.39,17.57,17.02,17.21,116640741,0
04/21/2009,22:00,16.98,17.45,16.94,17.39,117631997,0
04/22/2009,22:00,17.52,17.91,17.31,17.36,234278793,0
04/23/2009,22:00,18.09,18.17,17.64,17.91,236145546,0
04/24/2009,22:00,17.81,17.88,17.57,17.70,135230886,0
04/27/2009,22:00,17.56,17.86,17.52,17.82,120187060,0
04/28/2009,22:00,17.62,18.03,17.61,17.70,113943396,0
04/29/2009,22:00,17.84,18.12,17.69,17.88,114544465,0
04/30/2009,22:00,18.03,18.14,17.85,17.98,124610045,0
05/01/2009,22:00,17.97,18.28,17.97,18.18,99387645,0
05/04/2009,22:00,18.32,18.89,18.24,18.87,152360621,0
05/05/2009,22:00,18.82,18.98,18.73,18.96,99590624,0
05/06/2009,22:00,19.05,19.07,18.60,18.93,118408136,0
05/07/2009,22:00,18.90,18.91,18.27,18.44,132967562,0
05/08/2009,22:00,18.43,18.75,18.04,18.46,117002039,0
05/11/2009,22:00,18.20,18.71,18.16,18.51,101177167,0
05/12/2009,22:00,18.51,18.53,17.61,17.77,152326664,0
05/13/2009,22:00,17.60,17.72,17.05,17.07,148910608,0
05/14/2009,22:00,17.11,17.65,17.10,17.56,111960485,0
05/15/2009,22:00,17.47,17.80,17.37,17.49,91861154,0
05/18/2009,22:00,17.68,18.10,17.37,18.09,114748739,0
05/19/2009,22:00,18.12,18.47,17.96,18.21,92996449,0
05/20/2009,22:00,18.23,18.46,17.90,17.98,97189617,0
05/21/2009,22:00,17.88,18.11,17.56,17.74,102018308,0
05/22/2009,22:00,17.72,17.74,17.39,17.50,74765215,0
05/26/2009,22:00,17.82,18.69,17.79,18.68,159007674,0
05/27/2009,22:00,18.83,19.28,18.70,19.01,161700210,0
05/28/2009,22:00,19.06,19.34,18.86,19.30,121852080,0
05/29/2009,22:00,19.34,19.41,19.12,19.40,114143848,0
06/01/2009,22:00,19.50,20.00,19.43,19.91,113139614,0
06/02/2009,22:00,19.86,20.19,19.76,19.93,113949892,0
06/03/2009,22:00,20.00,20.16,19.87,20.14,141246000,0
06/04/2009,22:00,20.02,20.60,20.01,20.53,136784886,0
06/05/2009,22:00,20.76,20.91,20.46,20.67,158143608,0
06/08/2009,22:00,20.55,20.60,19.92,20.55,232856610,0
06/09/2009,22:00,20.54,20.65,20.08,20.39,169164044,0
06/10/2009,22:00,20.33,20.34,19.76,20.04,172191033,0
06/11/2009,22:00,19.94,20.22,19.79,19.99,131106052,0
06/12/2009,22:00,19.83,19.87,19.43,19.57,140711774,0
06/15/2009,22:00,19.43,19.56,19.27,19.44,134961316,0
06/16/2009,22:00,19.52,19.78,19.44,19.48,128699907,0
06/17/2009,22:00,19.52,19.64,19.22,19.37,142818529,0
06/18/2009,22:00,19.44,19.71,19.37,19.41,106864058,0
06/19/2009,22:00,19.72,19.93,19.56,19.93,180429844,0
06/22/2009,22:00,20.10,20.22,19.48,19.62,158580324,0
06/23/2009,22:00,19.49,19.56,18.98,19.14,176536416,0
06/24/2009,22:00,19.35,19.64,19.27,19.46,121321389,0
06/25/2009,22:00,19.39,20.03,19.32,19.98,147410228,0
06/26/2009,22:00,19.97,20.51,19.96,20.35,109857482,0
06/29/2009,22:00,20.49,20.56,20.22,20.28,141904749,0
06/30/2009,22:00,20.37,20.54,20.26,20.35,108559535,0
07/01/2009,22:00,20.50,20.67,20.36,20.40,103557573,0
07/02/2009,22:00,20.18,20.19,19.97,20.00,92632029,0
07/06/2009,22:00,19.81,19.86,19.46,19.80,124609226,0
07/07/2009,22:00,19.78,19.95,19.31,19.34,115419073,0
07/08/2009,22:00,19.40,19.72,19.20,19.60,143924424,0
07/09/2009,22:00,19.68,19.71,19.42,19.48,85786435,0
07/10/2009,22:00,19.48,19.85,19.47,19.79,111318256,0
07/13/2009,22:00,19.93,20.33,19.65,20.33,120943494,0
07/14/2009,22:00,20.29,20.45,20.17,20.32,86875418,0
07/15/2009,22:00,20.72,21.00,20.62,20.98,121396114,0
07/16/2009,22:00,20.82,21.15,20.80,21.07,98392161,0
07/17/2009,22:00,21.30,21.72,21.23,21.68,150538451,0
07/20/2009,22:00,21.90,22.15,21.56,21.84,183881187,0
07/21/2009,22:00,21.90,21.92,21.39,21.64,218695309,0
07/22/2009,22:00,22.54,22.68,22.30,22.39,218525832,0
07/23/2009,22:00,22.38,22.63,22.22,22.55,131740378,0
07/24/2009,22:00,22.42,22.86,22.36,22.86,109589914,0
07/27/2009,22:00,22.88,22.98,22.47,22.87,108327807,0
07/28/2009,22:00,22.70,22.87,22.51,22.86,90888133,0
07/29/2009,22:00,22.70,22.92,22.61,22.86,95607050,0
07/30/2009,22:00,23.10,23.53,23.07,23.26,117400808,0
07/31/2009,22:00,23.28,23.57,23.27,23.34,105672952,0
08/03/2009,22:00,23.60,23.81,23.55,23.78,98559874,0
08/04/2009,22:00,23.56,23.65,23.46,23.65,98952371,0
08/05/2009,22:00,23.68,23.91,23.46,23.59,105795333,0
08/06/2009,22:00,23.65,23.79,23.30,23.42,85443631,0
08/07/2009,22:00,23.64,23.80,23.54,23.64,96870928,0
08/10/2009,22:00,23.67,23.80,23.38,23.53,75108789,0
08/11/2009,22:00,23.38,23.48,23.13,23.26,88872154,0
08/12/2009,22:00,23.22,23.82,23.21,23.62,111267639,0
08/13/2009,22:00,23.81,24.10,23.79,24.06,110040595,0
08/14/2009,22:00,23.99,24.03,23.65,23.83,76512275,0
08/17/2009,22:00,23.36,23.37,22.77,22.80,131095251,0
08/18/2009,22:00,23.09,23.46,23.06,23.43,111010487,0
08/19/2009,22:00,23.25,23.61,23.21,23.51,103317865,0
08/20/2009,22:00,23.57,23.82,23.52,23.76,85549730,0
08/21/2009,22:00,23.95,24.20,23.83,24.17,104018292,0
08/24/2009,22:00,24.30,24.39,24.04,24.15,101732176,0
08/25/2009,22:00,24.21,24.42,24.16,24.20,81088343,0
08/26/2009,22:00,24.13,24.22,23.82,23.92,75999469,0
08/27/2009,22:00,24.11,24.22,23.55,24.21,112294826,0
08/28/2009,22:00,24.61,24.64,24.08,24.29,113464428,0
08/31/2009,22:00,24.02,24.12,23.79,24.03,77885087,0
09/01/2009,22:00,24.00,24.29,23.56,23.61,117256335,0
09/02/2009,22:00,23.52,23.94,23.44,23.60,91100107,0
09/03/2009,22:00,23.78,23.87,23.57,23.79,73525711,0
09/04/2009,22:00,23.90,24.39,23.87,24.33,95933999,0
09/08/2009,22:00,24.66,24.73,24.57,24.70,78761627,0
09/09/2009,22:00,24.68,24.92,24.24,24.45,202822886,0
09/10/2009,22:00,24.58,24.75,24.40,24.65,122783346,0
09/11/2009,22:00,24.70,24.74,24.41,24.59,87240188,0
09/14/2009,22:00,24.40,24.84,24.32,24.82,80502611,0
09/15/2009,22:00,24.86,25.09,24.80,25.02,106617553,0
09/16/2009,22:00,25.43,26.11,25.41,25.98,188505499,0
09/17/2009,22:00,26.00,26.68,26.00,26.36,202642664,0
09/18/2009,22:00,26.55,26.65,26.39,26.43,150436860,0
09/21/2009,22:00,26.33,26.45,25.95,26.29,109428907,0
09/22/2009,22:00,26.46,26.48,26.12,26.35,89240991,0
09/23/2009,22:00,26.49,26.99,26.43,26.50,148509963,0
09/24/2009,22:00,26.74,26.81,26.11,26.26,137719491,0
09/25/2009,22:00,26.00,26.50,25.92,26.05,111371862,0
09/28/2009,22:00,26.27,26.67,26.19,26.59,84411999,0
09/29/2009,22:00,26.68,26.77,26.33,26.48,86346379,0
09/30/2009,22:00,26.59,26.64,26.09,26.48,134895635,0
10/01/2009,22:00,26.48,26.60,25.81,25.84,131177739,0
10/02/2009,22:00,25.92,26.56,25.91,26.41,138358668,0
10/05/2009,22:00,26.60,26.69,26.32,26.57,105783062,0
10/06/2009,22:00,26.82,27.14,26.76,27.14,151270875,0
10/07/2009,22:00,27.11,27.22,27.00,27.18,116416909,0
10/08/2009,22:00,27.24,27.35,26.98,27.04,109552296,0
10/09/2009,22:00,27.00,27.24,26.95,27.21,73348345,0
10/12/2009,22:00,27.29,27.36,27.09,27.26,72037756,0
10/13/2009,22:00,27.23,27.31,27.10,27.15,87004582,0
10/14/2009,22:00,27.46,27.47,27.18,27.33,93942639,0
10/15/2009,22:00,27.09,27.27,27.08,27.22,93388722,0
10/16/2009,22:00,27.05,27.19,26.83,26.86,107856189,0
10/19/2009,22:00,26.84,27.14,26.51,27.12,235557336,0
10/20/2009,22:00,28.66,28.82,28.26,28.39,285259814,0
10/21/2009,22:00,28.50,29.82,28.46,29.27,298431525,0
10/22/2009,22:00,29.24,29.69,28.93,29.31,197847825,0
10/23/2009,22:00,29.39,29.40,29.03,29.13,105196434,0
10/26/2009,22:00,29.10,29.54,28.84,28.93,121084383,0
10/27/2009,22:00,28.81,28.97,28.06,28.20,189137473,0
10/28/2009,22:00,28.24,28.29,27.30,27.49,204596217,0
10/29/2009,22:00,27.86,28.12,27.45,28.05,142602061,0
10/30/2009,22:00,28.01,28.11,26.88,26.93,179380894,0
11/02/2009,22:00,27.11,27.55,26.51,27.04,169897231,0
11/03/2009,22:00,26.84,27.07,26.56,26.96,130635414,0
11/04/2009,22:00,27.25,27.69,27.18,27.26,121935499,0
11/05/2009,22:00,27.49,27.86,27.40,27.72,96230799,0
11/06/2009,22:00,27.50,27.88,27.49,27.76,73807363,0
11/09/2009,22:00,28.13,28.84,28.04,28.78,132213683,0
11/10/2009,22:00,28.72,29.28,28.72,29.00,100298380,0
11/11/2009,22:00,29.22,29.29,28.83,29.04,111019510,0
11/12/2009,22:00,29.02,29.27,28.78,28.86,90978853,0
11/13/2009,22:00,28.98,29.26,28.87,29.21,85832761,0
11/16/2009,22:00,29.35,29.71,29.29,29.52,121301019,0
11/17/2009,22:00,29.44,29.63,29.29,29.57,99128064,0
11/18/2009,22:00,29.51,29.57,29.14,29.42,93579864,0
11/19/2009,22:00,29.23,29.23,28.54,28.64,135581523,0
11/20/2009,22:00,28.45,28.63,28.25,28.56,101722565,0
11/23/2009,22:00,29.00,29.43,28.99,29.41,118793731,0
11/24/2009,22:00,29.33,29.41,28.99,29.21,79609194,0
11/25/2009,22:00,29.34,29.38,29.11,29.17,71662311,0
11/27/2009,22:00,28.46,28.99,28.34,28.66,72735509,0
11/30/2009,22:00,28.73,28.81,28.40,28.56,106213926,0
12/01/2009,22:00,28.89,28.97,28.12,28.14,116440583,0
12/02/2009,22:00,28.42,28.77,27.96,28.03,178814706,0
12/03/2009,22:00,28.20,28.43,28.04,28.07,112179578,0
12/04/2009,22:00,28.53,28.55,27.18,27.62,206776668,0
12/07/2009,22:00,27.62,27.68,26.95,26.99,178689658,0
12/08/2009,22:00,27.05,27.48,26.96,27.12,172599280,0
12/09/2009,22:00,27.33,28.31,27.19,28.26,171195185,0
12/10/2009,22:00,28.50,28.53,28.02,28.06,122417155,0
12/11/2009,22:00,28.25,28.29,27.63,27.81,107443378,0
12/14/2009,22:00,27.91,28.20,27.51,28.14,123947124,0
12/15/2009,22:00,27.98,28.22,27.61,27.74,104928453,0
12/16/2009,22:00,27.87,28.07,27.79,27.86,88279674,0
12/17/2009,22:00,27.75,27.86,27.29,27.41,97209056,0
12/18/2009,22:00,27.60,27.93,27.51,27.92,152192516,0
12/21/2009,22:00,28.01,28.54,27.95,28.32,153093108,0
12/22/2009,22:00,28.49,28.69,28.38,28.62,87378543,0
12/23/2009,22:00,28.75,28.91,28.69,28.87,86380987,0
12/24/2009,22:00,29.08,29.91,29.05,29.86,124663532,0
12/28/2009,22:00,30.25,30.56,29.94,30.23,161141050,0
12/29/2009,22:00,30.38,30.39,29.82,29.87,111301071,0
12/30/2009,22:00,29.83,30.29,29.76,30.23,103020708,0
12/31/2009,22:00,30.45,30.48,30.08,30.10,88102679,0
01/04/2010,22:00,30.49,30.64,30.34,30.57,123432050,0
01/05/2010,22:00,30.66,30.80,30.46,30.63,150476004,0
01/06/2010,22:00,30.63,30.75,30.11,30.14,138039594,0
01/07/2010,22:00,30.25,30.29,29.86,30.08,119282324,0
01/08/2010,22:00,30.04,30.29,29.87,30.28,111969081,0
01/11/2010,22:00,30.40,30.43,29.78,30.02,115557365,0
01/12/2010,22:00,29.88,29.97,29.49,29.67,148614774,0
01/13/2010,22:00,29.70,30.13,29.16,30.09,151472335,0
01/14/2010,22:00,30.02,30.07,29.86,29.92,108288411,0
01/15/2010,22:00,30.13,30.23,29.41,29.42,149068927,0
01/19/2010,22:00,29.76,30.74,29.61,30.72,182501620,0
01/20/2010,22:00,30.70,30.79,29.93,30.25,153037892,0
01/21/2010,22:00,30.30,30.47,29.60,29.72,152038565,0
01/22/2010,22:00,29.54,29.64,28.17,28.25,220441872,0
01/25/2010,22:00,28.93,29.24,28.60,29.01,266424802,0
01/26/2010,22:00,29.42,30.53,28.94,29.42,466777486,0
01/27/2010,22:00,29.55,30.08,28.50,29.70,430642030,0
01/28/2010,22:00,29.28,29.36,28.39,28.47,293375376,0
01/29/2010,22:00,28.73,28.89,27.18,27.44,311487785,0
02/01/2010,22:00,27.48,28.00,27.33,27.82,187468421,0
02/02/2010,22:00,27.99,28.05,27.63,27.98,174585313,0
02/03/2010,22:00,27.88,28.60,27.77,28.46,153831769,0
02/04/2010,22:00,28.10,28.34,27.37,27.44,189412762,0
02/05/2010,22:00,27.52,28.00,27.26,27.92,212576350,0
02/08/2010,22:00,27.96,28.27,27.71,27.73,119567119,0
02/09/2010,22:00,28.06,28.21,27.82,28.03,158221028,0
02/10/2010,22:00,27.98,28.09,27.75,27.87,92590218,0
02/11/2010,22:00,27.84,28.54,27.72,28.38,137585903,0
02/12/2010,22:00,28.30,28.81,27.93,28.63,163874739,0
02/16/2010,22:00,28.85,29.10,28.79,29.06,135987761,0
02/17/2010,22:00,29.17,29.19,28.69,28.94,109098710,0
02/18/2010,22:00,28.80,29.13,28.70,28.99,105706111,0
02/19/2010,22:00,28.84,29.03,28.73,28.81,103933466,0
02/22/2010,22:00,28.91,28.93,28.46,28.63,97706168,0
02/23/2010,22:00,28.57,28.76,27.96,28.15,143828223,0
02/24/2010,22:00,28.32,28.78,28.26,28.67,115141376,0
02/25/2010,22:00,28.20,28.98,28.13,28.86,166349071,0
02/26/2010,22:00,28.91,29.31,28.86,29.23,126865060,0
03/01/2010,22:00,29.39,29.93,29.35,29.86,137523183,0
03/02/2010,22:00,29.99,30.12,29.68,29.84,141636152,0
03/03/2010,22:00,29.85,29.98,29.71,29.90,93059694,0
03/04/2010,22:00,29.90,30.13,29.80,30.10,91509936,0
03/05/2010,22:00,30.71,31.39,30.66,31.28,224904603,0
03/08/2010,22:00,31.43,31.44,31.18,31.30,107472239,0
03/09/2010,22:00,31.19,32.14,31.13,31.86,230064660,0
03/10/2010,22:00,31.98,32.21,31.89,32.12,149054143,0
03/11/2010,22:00,31.99,32.21,31.90,32.21,101424638,0
03/12/2010,22:00,32.48,32.53,32.25,32.37,104080620,0
03/15/2010,22:00,32.20,32.21,31.46,31.98,123375091,0
03/16/2010,22:00,32.03,32.14,31.79,32.06,111726636,0
03/17/2010,22:00,32.13,32.35,31.90,32.02,112738997,0
03/18/2010,22:00,32.01,32.14,31.80,32.09,85527113,0
03/19/2010,22:00,32.11,32.18,31.60,31.75,139861148,0
03/22/2010,22:00,31.50,32.29,31.45,32.11,114104634,0
03/23/2010,22:00,32.23,32.68,32.01,32.62,150607177,0
03/24/2010,22:00,32.52,32.89,32.50,32.77,149570232,0
03/25/2010,22:00,32.99,33.00,32.32,32.38,135816674,0
03/26/2010,22:00,32.71,33.14,32.65,32.99,160218135,0
03/29/2010,22:00,33.29,33.41,33.09,33.20,135185785,0
03/30/2010,22:00,33.80,33.93,33.46,33.69,131827325,0
03/31/2010,22:00,33.64,33.80,33.49,33.57,107664557,0
04/01/2010,22:00,33.93,34.10,33.25,33.71,150785999,0
04/05/2010,22:00,33.57,34.07,33.54,34.07,171126319,0
04/06/2010,22:00,34.03,34.32,33.86,34.22,111754188,0
04/07/2010,22:00,34.25,34.56,34.09,34.37,157125031,0
04/08/2010,22:00,34.35,34.51,34.01,34.28,143246621,0
04/09/2010,22:00,34.49,34.56,34.35,34.54,83545644,0
04/12/2010,22:00,34.60,34.72,34.54,34.61,83303836,0
04/13/2010,22:00,34.55,34.69,34.44,34.63,76552525,0
04/14/2010,22:00,35.04,35.12,34.87,35.10,101018554,0
04/15/2010,22:00,35.11,35.58,35.07,35.56,94195920,0
04/16/2010,22:00,35.51,35.88,34.94,35.34,187635966,0
04/19/2010,22:00,35.29,35.41,34.54,35.30,141730491,0
04/20/2010,22:00,35.51,35.61,34.71,34.94,184580977,0
04/21/2010,22:00,36.97,37.18,36.53,37.03,245597800,0
04/22/2010,22:00,36.89,38.11,36.60,38.07,198355815,0
04/23/2010,22:00,38.28,38.88,38.14,38.69,199238354,0
04/26/2010,22:00,38.84,38.92,38.31,38.50,119767011,0
04/27/2010,22:00,38.18,38.26,37.22,37.43,177335424,0
04/28/2010,22:00,37.61,37.71,36.63,37.37,189599970,0
04/29/2010,22:00,37.57,38.57,37.43,38.38,139709745,0
04/30/2010,22:00,38.47,38.65,37.29,37.30,135615676,0
05/03/2010,22:00,37.69,38.27,37.55,38.05,113585031,0
05/04/2010,22:00,37.56,37.61,36.68,36.95,180954830,0
05/05/2010,22:00,36.15,36.88,35.53,36.57,220775786,0
05/06/2010,22:00,36.26,36.89,28.57,35.18,321464892,0
05/07/2010,22:00,34.82,35.22,32.17,33.69,419004292,0
05/10/2010,22:00,35.75,36.38,35.50,36.28,246076208,0
05/11/2010,22:00,35.98,37.13,35.79,36.65,212587809,0
05/12/2010,22:00,37.03,37.59,36.96,37.44,163594375,0
05/13/2010,22:00,37.60,37.86,36.63,36.91,149927526,0
05/14/2010,22:00,36.45,36.64,35.64,36.26,189840357,0
05/17/2010,22:00,36.39,36.60,35.39,36.32,190708252,0
05/18/2010,22:00,36.71,36.94,35.75,36.05,195668956,0
05/19/2010,22:00,35.64,36.13,34.98,35.48,256431406,0
05/20/2010,22:00,34.55,34.84,33.74,33.97,320728737,0
05/21/2010,22:00,33.26,34.93,33.05,34.62,305976755,0
05/24/2010,22:00,35.33,35.84,35.18,35.25,188561359,0
05/25/2010,22:00,34.19,35.25,33.88,35.03,262003357,0
05/26/2010,22:00,35.73,36.02,34.82,34.87,212664144,0
05/27/2010,22:00,35.80,36.27,35.59,36.19,166575339,0
05/28/2010,22:00,37.06,37.06,36.19,36.70,203956879,0
06/01/2010,22:00,37.10,37.99,36.99,37.26,219118382,0
06/02/2010,22:00,37.79,37.83,37.19,37.71,172136524,0
06/03/2010,22:00,37.88,37.94,37.20,37.59,162539314,0
06/04/2010,22:00,36.89,37.41,36.38,36.57,189610442,0
06/07/2010,22:00,36.91,37.02,35.79,35.85,221745538,0
06/08/2010,22:00,36.18,36.26,35.09,35.62,250192019,0
06/09/2010,22:00,35.92,35.99,34.64,34.74,213657171,0
06/10/2010,22:00,35.00,35.85,34.60,35.79,194088937,0
06/11/2010,22:00,35.46,36.27,35.34,36.22,136439884,0
06/14/2010,22:00,36.57,37.02,36.29,36.33,150740100,0
06/15/2010,22:00,36.52,37.12,36.50,37.10,146268297,0
06/16/2010,22:00,37.30,38.25,37.23,38.18,195922370,0
06/17/2010,22:00,38.66,38.99,38.50,38.84,218365231,0
06/18/2010,22:00,38.89,39.29,38.77,39.15,196154945,0
06/21/2010,22:00,39.67,39.86,38.39,38.60,194122453,0
06/22/2010,22:00,38.88,39.42,38.79,39.12,179314996,0
06/23/2010,22:00,39.23,39.24,38.27,38.71,192113733,0
06/24/2010,22:00,38.71,39.03,38.30,38.43,178782814,0
06/25/2010,22:00,38.58,38.61,37.97,38.10,137485271,0
06/28/2010,22:00,38.13,38.54,37.79,38.33,146358254,0
06/29/2010,22:00,37.73,37.77,36.33,36.60,283336130,0
06/30/2010,22:00,36.67,36.85,35.72,35.93,184867060,0
07/01/2010,22:00,36.33,36.40,34.75,35.50,255738140,0
07/02/2010,22:00,35.78,35.85,34.74,35.28,173624381,0
07/06/2010,22:00,35.86,36.11,35.17,35.52,153808676,0
07/07/2010,22:00,35.78,36.97,35.68,36.95,163639812,0
07/08/2010,22:00,37.50,37.56,36.41,36.87,184537661,0
07/09/2010,22:00,36.70,37.13,36.45,37.09,108393537,0
07/12/2010,22:00,36.93,37.41,36.41,36.76,140719236,0
07/13/2010,22:00,36.62,36.63,35.20,35.97,297738658,0
07/14/2010,22:00,35.63,36.54,35.57,36.10,203042784,0
07/15/2010,22:00,35.46,36.71,35.33,35.92,206215849,0
07/16/2010,22:00,36.17,36.42,35.49,35.70,259964376,0
07/19/2010,22:00,35.70,35.70,34.23,35.08,256124484,0
07/20/2010,22:00,34.70,36.13,34.29,35.98,268737511,0
07/21/2010,22:00,37.87,37.88,36.29,36.32,296417422,0
07/22/2010,22:00,36.81,37.14,36.47,37.00,161329322,0
07/23/2010,22:00,36.73,37.20,36.61,37.13,133346661,0
07/26/2010,22:00,37.14,37.16,36.82,37.04,105137452,0
07/27/2010,22:00,37.27,37.83,37.19,37.73,146192641,0
07/28/2010,22:00,37.67,38.00,37.18,37.28,129996090,0
07/29/2010,22:00,37.24,37.52,36.59,36.87,160951385,0
07/30/2010,22:00,36.56,37.10,36.41,36.75,112113960,0
08/02/2010,22:00,37.21,37.51,37.09,37.41,107021026,0
08/03/2010,22:00,37.29,37.61,37.06,37.42,104413218,0
08/04/2010,22:00,37.55,37.75,37.19,37.57,105139076,0
08/05/2010,22:00,37.39,37.60,37.22,37.39,72340618,0
08/06/2010,22:00,37.11,37.36,36.80,37.16,111253310,0
08/09/2010,22:00,37.35,37.45,37.08,37.39,75781356,0
08/10/2010,22:00,37.13,37.21,36.79,37.06,112979405,0
08/11/2010,22:00,36.49,36.53,35.69,35.74,155013068,0
08/12/2010,22:00,35.24,36.16,35.16,35.97,133729834,0
08/13/2010,22:00,35.95,35.98,35.58,35.59,88716635,0
08/16/2010,22:00,35.37,35.72,35.23,35.38,79606849,0
08/17/2010,22:00,35.73,36.38,35.60,36.00,105662221,0
08/18/2010,22:00,36.05,36.38,35.94,36.15,84923923,0
08/19/2010,22:00,36.12,36.21,35.53,35.70,106676227,0
08/20/2010,22:00,35.63,35.91,35.57,35.66,96057206,0
08/23/2010,22:00,35.97,36.00,35.04,35.11,103516812,0
08/24/2010,22:00,34.67,34.71,34.09,34.28,150638208,0
08/25/2010,22:00,34.01,34.86,33.89,34.70,149216228,0
08/26/2010,22:00,35.06,35.11,34.33,34.33,116625803,0
08/27/2010,22:00,34.54,34.66,33.65,34.52,137146576,0
08/30/2010,22:00,34.39,35.11,34.38,34.64,95821894,0
08/31/2010,22:00,34.55,34.94,34.34,34.73,105196602,0
09/01/2010,22:00,35.35,35.92,35.18,35.76,174258805,0
09/02/2010,22:00,35.89,36.02,35.51,36.02,103856298,0
09/03/2010,22:00,36.44,36.97,36.36,36.97,130197067,0
09/07/2010,22:00,36.66,37.08,36.61,36.83,85706313,0
09/08/2010,22:00,37.11,37.77,37.01,37.56,131637114,0
09/09/2010,22:00,37.86,38.07,37.56,37.58,109643597,0
09/10/2010,22:00,37.60,37.79,37.34,37.63,96940319,0
09/13/2010,22:00,37.97,38.33,37.97,38.15,97194965,0
09/14/2010,22:00,38.03,38.45,37.93,38.29,102037313,0
09/15/2010,22:00,38.31,38.63,38.26,38.60,107341570,0
09/16/2010,22:00,38.61,39.52,38.50,39.51,163025387,0
09/17/2010,22:00,39.67,39.71,39.10,39.34,158618691,0
09/20/2010,22:00,39.44,40.54,39.41,40.46,164822833,0
09/21/2010,22:00,40.55,41.05,40.40,40.54,167418881,0
09/22/2010,22:00,40.39,41.14,40.34,41.11,146353774,0
09/23/2010,22:00,40.90,41.82,40.86,41.27,196528871,0
09/24/2010,22:00,41.73,41.93,41.51,41.76,162371804,0
09/27/2010,22:00,42.00,42.10,41.57,41.59,120774913,0
09/28/2010,22:00,41.68,41.68,39.29,40.98,258760411,0
09/29/2010,22:00,41.03,41.40,40.86,41.05,117410608,0
09/30/2010,22:00,41.29,41.43,40.18,40.54,168347452,0
10/01/2010,22:00,40.88,40.94,40.19,40.36,112101444,0
10/04/2010,22:00,40.23,40.41,39.68,39.81,108824968,0
10/05/2010,22:00,40.29,41.35,40.26,41.28,125491450,0
10/06/2010,22:00,41.37,41.71,40.75,41.31,167716514,0
10/07/2010,22:00,41.48,41.50,40.99,41.32,102099277,0
10/08/2010,22:00,41.67,42.07,41.43,42.01,164600814,0
10/11/2010,22:00,42.11,42.46,42.09,42.19,106937733,0
10/12/2010,22:00,42.20,42.79,41.78,42.65,139634663,0
10/13/2010,22:00,42.89,43.14,42.83,42.88,157522589,0
10/14/2010,22:00,43.10,43.21,42.91,43.19,108823925,0
10/15/2010,22:00,43.92,45.00,43.56,44.96,230548444,0
10/18/2010,22:00,45.50,45.57,44.90,45.43,276114391,0
10/19/2010,22:00,43.34,44.82,42.86,44.21,308189833,0
10/20/2010,22:00,44.14,44.89,43.84,44.36,180406030,0
10/21/2010,22:00,44.62,44.96,43.83,44.22,137864321,0
10/22/2010,22:00,44.15,44.29,43.76,43.92,93193856,0
10/25/2010,22:00,44.16,44.51,44.06,44.12,98107996,0
10/26/2010,22:00,43.84,44.25,43.66,44.01,98232337,0
10/27/2010,22:00,43.95,44.27,43.66,43.98,99750070,0
10/28/2010,22:00,43.99,44.00,42.99,43.61,137761540,0
10/29/2010,22:00,43.46,43.70,42.98,43.00,107627128,0
11/01/2010,22:00,43.17,43.66,43.17,43.45,105972251,0
11/02/2010,22:00,43.86,44.31,43.86,44.19,108482437,0
11/03/2010,22:00,44.48,44.70,44.08,44.69,127086848,0
11/04/2010,22:00,45.06,45.74,45.00,45.47,160621979,0
11/05/2010,22:00,45.43,45.65,45.25,45.30,90313265,0
11/08/2010,22:00,45.31,45.68,45.25,45.52,70433307,0
11/09/2010,22:00,45.86,45.90,44.93,45.15,95928805,0
11/10/2010,22:00,45.23,45.54,44.79,45.43,96056373,0
11/11/2010,22:00,45.00,45.49,44.89,45.24,90320433,0
11/12/2010,22:00,45.14,45.21,43.38,44.00,198961462,0
11/15/2010,22:00,44.07,44.36,43.75,43.86,100900954,0
11/16/2010,22:00,43.67,43.94,42.76,43.08,164737342,0
11/17/2010,22:00,43.03,43.43,42.54,42.93,119862407,0
11/18/2010,22:00,43.60,44.24,43.53,44.06,123622443,0
11/19/2010,22:00,44.00,44.06,43.61,43.82,96210793,0
11/22/2010,22:00,43.81,44.77,43.70,44.77,98268492,0
11/23/2010,22:00,44.35,44.54,43.79,44.10,129861284,0
11/24/2010,22:00,44.57,45.06,44.54,44.97,103568136,0
11/26/2010,22:00,44.82,45.39,44.71,45.00,59436237,0
11/29/2010,22:00,45.07,45.35,44.48,45.27,111439895,0
11/30/2010,22:00,44.79,44.91,44.41,44.45,125463303,0
12/01/2010,22:00,45.04,45.39,45.00,45.20,115437672,0
12/02/2010,22:00,45.36,45.57,44.98,45.45,115912916,0
12/03/2010,22:00,45.29,45.52,45.19,45.35,85592283,0
12/06/2010,22:00,45.52,46.05,45.49,45.74,112120127,0
12/07/2010,22:00,46.26,46.28,45.45,45.46,97863465,0
12/08/2010,22:00,45.66,45.86,45.30,45.86,80483501,0
12/09/2010,22:00,46.02,46.07,45.57,45.68,73536526,0
12/10/2010,22:00,45.66,45.86,45.51,45.79,65644243,0
12/13/2010,22:00,46.34,46.44,45.86,45.95,109953333,0
12/14/2010,22:00,45.96,46.08,45.57,45.76,87891762,0
12/15/2010,22:00,45.71,46.14,45.60,45.77,104327314,0
12/16/2010,22:00,45.87,46.09,45.73,45.89,80507098,0
12/17/2010,22:00,45.95,45.97,45.75,45.80,96787068,0
12/20/2010,22:00,45.94,46.18,45.46,46.03,96402194,0
12/21/2010,22:00,46.14,46.34,46.01,46.31,64087884,0
12/22/2010,22:00,46.34,46.53,46.22,46.45,66536029,0
12/23/2010,22:00,46.43,46.45,46.17,46.23,55875176,0
12/27/2010,22:00,46.12,46.49,45.93,46.38,62453699,0
12/28/2010,22:00,46.56,46.67,46.44,46.50,43980797,0
12/29/2010,22:00,46.60,46.64,46.44,46.47,40817672,0
12/30/2010,22:00,46.50,46.50,46.15,46.24,39414991,0
12/31/2010,22:00,46.14,46.21,45.90,46.08,48413827,0
01/03/2011,22:00,46.52,47.18,46.41,47.08,111280407,0
01/04/2011,22:00,47.49,47.50,46.88,47.33,77337001,0
01/05/2011,22:00,47.08,47.76,47.07,47.71,63879193,0
01/06/2011,22:00,47.82,47.89,47.56,47.68,75106626,0
01/07/2011,22:00,47.71,48.05,47.41,48.02,77982212,0
01/10/2011,22:00,48.40,49.03,48.17,48.92,112139482,0
01/11/2011,22:00,49.27,49.28,48.50,48.81,111019993,0
01/12/2011,22:00,49.04,49.20,48.86,49.20,75644310,0
01/13/2011,22:00,49.31,49.52,49.12,49.38,74536182,0
01/14/2011,22:00,49.41,49.78,49.21,49.78,77209748,0
01/18/2011,22:00,47.07,49.25,46.57,48.66,470246700,0
01/19/2011,22:00,49.76,49.80,48.13,48.41,283902199,0
01/20/2011,22:00,48.06,48.33,47.16,47.53,191197293,0
01/21/2011,22:00,47.68,47.84,46.66,46.67,188599712,0
01/24/2011,22:00,46.70,48.21,46.67,48.21,143670548,0
01/25/2011,22:00,48.05,48.78,47.80,48.77,136716650,0
01/26/2011,22:00,48.99,49.37,48.79,49.12,126716779,0
01/27/2011,22:00,49.11,49.24,48.98,49.03,71255961,0
01/28/2011,22:00,49.17,49.20,47.65,48.01,148014146,0
01/31/2011,22:00,47.97,48.58,47.76,48.47,94311602,0
02/01/2011,22:00,48.76,49.38,48.71,49.29,106657943,0
02/02/2011,22:00,49.21,49.32,49.08,49.19,64738807,0
02/03/2011,22:00,49.11,49.18,48.36,49.06,98449148,0
02/04/2011,22:00,49.09,49.53,49.07,49.50,80459575,0
02/07/2011,22:00,49.70,50.46,49.66,50.27,121254910,0
02/08/2011,22:00,50.53,50.79,50.31,50.74,95259906,0
02/09/2011,22:00,50.74,51.29,50.70,51.17,120686090,0
02/10/2011,22:00,51.06,51.43,49.71,50.65,232137360,0
02/11/2011,22:00,50.68,51.11,50.51,50.98,91892948,0
02/14/2011,22:00,50.97,51.35,50.96,51.31,77603491,0
02/15/2011,22:00,51.31,51.42,51.08,51.41,71043441,0
02/16/2011,22:00,51.54,52.13,51.50,51.88,120288833,0
02/17/2011,22:00,51.04,51.47,50.93,51.19,132643504,0
02/18/2011,22:00,51.19,51.36,49.93,50.08,204011724,0
02/22/2011,22:00,48.88,49.34,48.25,48.37,218135561,0
02/23/2011,22:00,48.40,49.23,48.37,48.95,167962942,0
02/24/2011,22:00,49.15,49.31,48.34,48.98,124974514,0
02/25/2011,22:00,49.32,49.78,49.26,49.74,95004483,0
02/28/2011,22:00,50.18,50.72,50.16,50.46,100768479,0
03/01/2011,22:00,50.78,50.82,49.67,49.90,114032163,0
03/02/2011,22:00,49.99,50.62,49.77,50.30,150647189,0
03/03/2011,22:00,51.03,51.40,50.85,51.37,125196764,0
03/04/2011,22:00,51.44,51.47,51.11,51.43,113316483,0
03/07/2011,22:00,51.63,51.67,50.19,50.77,136530149,0
03/08/2011,22:00,50.70,51.06,50.32,50.82,89078955,0
03/09/2011,22:00,50.67,50.68,50.09,50.35,113349033,0
03/10/2011,22:00,49.87,49.97,49.27,49.52,126972055,0
03/11/2011,22:00,49.33,50.33,49.29,50.28,117770016,0
03/14/2011,22:00,50.45,50.93,50.19,50.51,109113690,0
03/15/2011,22:00,48.87,49.69,48.59,49.35,180262334,0
03/16/2011,22:00,48.86,49.00,46.61,47.14,289187626,0
03/17/2011,22:00,48.12,48.52,47.75,47.81,164854977,0
03/18/2011,22:00,48.16,48.31,47.14,47.24,188302604,0
03/21/2011,22:00,48.00,48.53,47.89,48.47,102347560,0
03/22/2011,22:00,48.94,48.95,48.45,48.74,81558162,0
03/23/2011,22:00,48.47,48.60,47.99,48.46,93248498,0
03/24/2011,22:00,48.84,49.43,48.41,49.28,101177720,0
03/25/2011,22:00,49.72,50.29,49.57,50.22,112292796,0
03/28/2011,22:00,50.45,50.62,50.06,50.06,77337407,0
03/29/2011,22:00,49.67,50.14,49.44,50.14,88224955,0
03/30/2011,22:00,50.09,50.13,49.63,49.80,82351269,0
03/31/2011,22:00,49.48,49.97,49.44,49.79,68592006,0
04/01/2011,22:00,50.16,50.23,49.04,49.22,104665400,0
04/04/2011,22:00,49.19,49.23,48.34,48.74,115020542,0
04/05/2011,22:00,48.14,48.89,48.00,48.41,120740809,0
04/06/2011,22:00,48.75,49.13,48.16,48.29,100634681,0
04/07/2011,22:00,48.30,48.63,48.00,48.30,93361520,0
04/08/2011,22:00,48.56,48.59,47.71,47.87,94383317,0
04/11/2011,22:00,47.72,47.95,47.15,47.26,99787618,0
04/12/2011,22:00,47.21,47.68,47.17,47.49,106627080,0
04/13/2011,22:00,47.86,48.02,47.50,48.02,86608963,0
04/14/2011,22:00,47.83,48.00,47.44,47.49,75497401,0
04/15/2011,22:00,47.61,47.66,46.69,46.78,113458247,0
04/18/2011,22:00,46.59,47.46,45.74,47.41,152474427,0
04/19/2011,22:00,47.59,48.28,47.46,48.27,104844243,0
04/20/2011,22:00,49.07,49.39,48.79,48.92,175163842,0
04/21/2011,22:00,50.71,50.73,49.79,50.10,188449618,0
04/25/2011,22:00,50.05,50.54,50.04,50.43,66636290,0
04/26/2011,22:00,50.52,50.71,49.91,50.06,84400645,0
04/27/2011,22:00,50.32,50.34,49.59,50.02,89052887,0
04/28/2011,22:00,49.46,49.96,49.36,49.54,90297123,0
04/29/2011,22:00,49.54,50.56,49.52,50.02,251585929,0
05/02/2011,22:00,49.96,50.07,49.36,49.47,110678246,0
05/03/2011,22:00,49.71,49.98,49.37,49.74,78390249,0
05/04/2011,22:00,49.75,50.26,49.55,49.94,97312229,0
05/05/2011,22:00,49.77,50.14,49.44,49.54,84065352,0
05/06/2011,22:00,49.96,50.00,49.46,49.52,70061285,0
05/09/2011,22:00,49.69,49.89,49.50,49.66,51188151,0
05/10/2011,22:00,49.84,49.96,49.52,49.92,70521969,0
05/11/2011,22:00,49.86,50.00,49.32,49.60,84018683,0
05/12/2011,22:00,49.45,49.59,48.90,49.51,80239593,0
05/13/2011,22:00,49.38,49.46,48.62,48.64,81547956,0
05/16/2011,22:00,48.46,48.75,47.51,47.61,112535374,0
05/17/2011,22:00,47.43,48.02,47.25,48.02,113196657,0
05/18/2011,22:00,48.07,48.72,48.00,48.55,83693267,0
05/19/2011,22:00,48.87,48.92,48.38,48.65,65291310,0
05/20/2011,22:00,48.51,48.71,47.86,47.89,84547708,0
05/23/2011,22:00,47.14,48.00,47.06,47.77,95627217,0
05/24/2011,22:00,47.93,47.99,47.33,47.46,80520650,0
05/25/2011,22:00,47.63,48.37,47.55,48.11,73555433,0
05/26/2011,22:00,48.00,48.13,47.78,47.86,55673751,0
05/27/2011,22:00,47.83,48.23,47.76,48.20,51033738,0
05/31/2011,22:00,48.73,49.69,48.71,49.69,104434134,0
06/01/2011,22:00,49.84,50.30,49.24,49.36,138670602,0
06/02/2011,22:00,49.50,49.71,49.19,49.44,84721112,0
06/03/2011,22:00,49.03,49.33,48.86,49.06,78360765,0
06/06/2011,22:00,49.39,49.58,48.26,48.29,115484677,0
06/07/2011,22:00,48.31,48.32,47.41,47.43,132493060,0
06/08/2011,22:00,47.40,47.83,47.24,47.46,83471577,0
06/09/2011,22:00,47.61,47.67,47.25,47.36,68841199,0
06/10/2011,22:00,47.22,47.38,46.50,46.56,108529400,0
06/13/2011,22:00,46.74,46.90,46.44,46.66,82414108,0
06/14/2011,22:00,47.14,47.61,47.04,47.49,83641901,0
06/15/2011,22:00,47.11,47.19,46.41,46.68,99851885,0
06/16/2011,22:00,46.70,46.95,45.48,46.45,127647338,0
06/17/2011,22:00,47.00,47.04,45.62,45.75,153872649,0
06/20/2011,22:00,45.34,45.39,44.36,45.05,160161274,0
06/21/2011,22:00,45.24,46.54,45.03,46.47,123343514,0
06/22/2011,22:00,46.45,46.99,46.05,46.09,97645436,0
06/23/2011,22:00,45.56,47.38,45.45,47.32,139939254,0
06/24/2011,22:00,47.34,47.59,46.44,46.62,109981312,0
06/27/2011,22:00,46.80,47.70,46.75,47.43,84989933,0
06/28/2011,22:00,47.66,48.10,47.63,47.89,73574907,0
06/29/2011,22:00,48.01,48.05,47.41,47.72,88179070,0
06/30/2011,22:00,47.81,48.02,47.55,47.95,80807391,0
07/01/2011,22:00,47.99,49.07,47.74,49.04,108828209,0
07/05/2011,22:00,49.00,49.98,48.93,49.92,88818618,0
07/06/2011,22:00,49.85,50.59,49.53,50.25,111156241,0
07/07/2011,22:00,50.67,51.14,50.57,51.03,99915319,0
07/08/2011,22:00,50.48,51.43,50.31,51.39,122481639,0
07/11/2011,22:00,50.91,51.40,50.40,50.57,110713974,0
07/12/2011,22:00,50.50,51.10,49.80,50.54,112901691,0
07/13/2011,22:00,51.19,51.43,50.91,51.15,97909518,0
07/14/2011,22:00,51.57,51.66,50.91,51.11,107633155,0
07/15/2011,22:00,51.60,52.14,51.31,52.13,121116338,0
07/18/2011,22:00,52.20,53.52,52.18,53.40,143157623,0
07/19/2011,22:00,54.00,54.09,53.33,53.84,204786344,0
07/20/2011,22:00,56.59,56.61,55.14,55.27,235331712,0
07/21/2011,22:00,55.28,55.72,54.84,55.33,131629036,0
07/22/2011,22:00,55.47,56.44,55.39,56.19,129181885,0
07/25/2011,22:00,55.76,57.14,55.66,56.93,147451094,0
07/26/2011,22:00,57.14,57.79,57.10,57.63,119145026,0
07/27/2011,22:00,57.23,57.52,56.02,56.08,164830470,0
07/28/2011,22:00,55.95,56.71,55.45,55.97,148506092,0
07/29/2011,22:00,55.38,56.45,55.09,55.78,158145890,0
08/01/2011,22:00,56.83,57.07,56.05,56.68,153207957,0
08/02/2011,22:00,56.81,56.84,55.48,55.56,159884760,0
08/03/2011,22:00,55.85,56.22,54.61,56.08,183125796,0
08/04/2011,22:00,55.63,55.90,53.91,53.91,217851424,0
08/05/2011,22:00,54.35,54.79,51.80,53.37,301140350,0
08/08/2011,22:00,51.67,52.54,50.43,50.46,285951204,0
08/09/2011,22:00,51.61,53.52,50.71,53.43,270645704,0
08/10/2011,22:00,53.02,53.52,51.79,51.96,219662296,0
08/11/2011,22:00,52.93,53.64,52.10,53.39,185491110,0
08/12/2011,22:00,54.01,54.23,53.46,53.86,132243405,0
08/15/2011,22:00,54.23,55.00,54.01,54.77,115135468,0
08/16/2011,22:00,54.50,54.77,53.72,54.35,124722122,0
08/17/2011,22:00,54.62,54.93,54.00,54.35,110514943,0
08/18/2011,22:00,52.98,53.24,51.62,52.29,212858289,0
08/19/2011,22:00,51.74,52.43,50.86,50.86,193970546,0
08/22/2011,22:00,52.07,52.13,50.73,50.92,133826210,0
08/23/2011,22:00,51.47,53.38,51.00,53.37,164208576,0
08/24/2011,22:00,53.35,54.14,52.94,53.74,156566907,0
08/25/2011,22:00,52.15,53.64,52.14,53.39,217825076,0
08/26/2011,22:00,53.02,54.83,52.97,54.80,160368761,0
08/29/2011,22:00,55.45,55.93,55.43,55.71,101313149,0
08/30/2011,22:00,55.46,55.98,55.17,55.71,104480264,0
08/31/2011,22:00,55.80,56.01,54.55,54.98,130688894,0
09/01/2011,22:00,55.12,55.33,54.39,54.43,85930705,0
09/02/2011,22:00,53.53,54.00,53.12,53.44,110520613,0
09/06/2011,22:00,52.48,54.33,52.35,54.25,127424129,0
09/07/2011,22:00,55.08,55.09,54.57,54.85,87643794,0
09/08/2011,22:00,54.63,55.52,54.62,54.88,104039460,0
09/09/2011,22:00,54.85,55.14,53.57,53.93,141269408,0
09/12/2011,22:00,53.29,54.41,53.13,54.28,116957988,0
09/13/2011,22:00,54.59,55.17,54.32,54.95,110184487,0
09/14/2011,22:00,55.29,56.03,55.11,55.61,133680848,0
09/15/2011,22:00,55.92,56.24,55.70,56.14,104454581,0
09/16/2011,22:00,56.51,57.21,56.43,57.21,174622161,0
09/19/2011,22:00,56.71,59.03,56.46,58.80,205964780,0
09/20/2011,22:00,59.32,60.41,58.74,59.06,193937289,0
09/21/2011,22:00,59.95,60.23,58.86,58.88,151493755,0
09/22/2011,22:00,57.29,58.55,56.67,57.40,242120137,0
09/23/2011,22:00,57.18,58.11,57.12,57.76,136620610,0
09/26/2011,22:00,57.12,57.71,55.90,57.60,203218862,0
09/27/2011,22:00,58.39,58.46,56.87,57.04,158124372,0
09/28/2011,22:00,57.17,57.68,56.64,56.72,107463181,0
09/29/2011,22:00,57.42,57.46,55.17,55.80,162841147,0
09/30/2011,22:00,55.30,55.56,54.45,54.47,137059223,0
10/03/2011,22:00,54.34,54.66,53.31,53.51,167269011,0
10/04/2011,22:00,53.51,54.54,50.61,53.21,308418887,0
10/05/2011,22:00,52.55,54.26,51.47,54.04,196617358,0
10/06/2011,22:00,53.33,54.97,53.11,53.91,203145054,0
10/07/2011,22:00,53.68,53.96,52.64,52.83,133904162,0
10/10/2011,22:00,54.16,55.54,54.03,55.54,110628287,0
10/11/2011,22:00,56.08,57.60,55.93,57.18,151420465,0
10/12/2011,22:00,58.19,58.46,57.16,57.46,155570982,0
10/13/2011,22:00,57.85,58.35,57.55,58.35,106545775,0
10/14/2011,22:00,59.55,60.29,59.32,60.29,143341730,0
10/17/2011,22:00,60.25,60.96,59.42,60.00,171510696,0
10/18/2011,22:00,60.25,60.69,59.43,60.32,220400096,0
10/19/2011,22:00,57.34,58.35,56.83,56.95,275998093,0
10/20/2011,22:00,57.14,57.19,56.32,56.47,137382294,0
10/21/2011,22:00,56.87,57.02,55.82,56.12,155310512,0
10/24/2011,22:00,56.60,58.07,56.49,57.97,125589044,0
10/25/2011,22:00,57.86,58.08,56.77,56.82,107650200,0
10/26/2011,22:00,57.39,57.51,56.16,57.23,114074982,0
10/27/2011,22:00,58.22,58.43,57.41,57.81,123713317,0
10/28/2011,22:00,57.57,58.05,57.50,57.85,80709748,0
10/31/2011,22:00,57.49,58.48,57.29,57.83,96406303,0
11/01/2011,22:00,56.77,57.07,56.17,56.64,132946877,0
11/02/2011,22:00,57.16,57.21,56.44,56.77,82063667,0
11/03/2011,22:00,57.01,57.63,56.48,57.58,110381075,0
11/04/2011,22:00,57.43,57.63,57.02,57.18,75556992,0
11/07/2011,22:00,57.13,57.14,56.59,57.10,67565799,0
11/08/2011,22:00,57.46,58.29,57.37,58.03,100109842,0
11/09/2011,22:00,56.71,57.27,56.32,56.47,139670930,0
11/10/2011,22:00,56.72,56.74,54.59,55.03,186245269,0
11/11/2011,22:00,55.23,55.53,54.32,54.95,163446017,0
11/14/2011,22:00,54.79,55.04,54.03,54.18,108265507,0
11/15/2011,22:00,54.40,55.64,54.21,55.55,107744812,0
11/16/2011,22:00,55.61,55.88,54.90,54.97,87302012,0
11/17/2011,22:00,54.85,54.94,53.64,53.92,120030148,0
11/18/2011,22:00,54.13,54.28,53.55,53.56,93018765,0
11/21/2011,22:00,52.91,53.10,52.27,52.72,112050589,0
11/22/2011,22:00,53.00,53.99,52.99,53.79,102324341,0
11/23/2011,22:00,53.50,53.69,52.41,52.43,107160445,0
11/25/2011,22:00,52.63,53.02,51.90,51.94,56828744,0
11/28/2011,22:00,53.19,53.82,52.90,53.73,86660854,0
11/29/2011,22:00,53.69,54.12,52.89,53.31,94007858,0
11/30/2011,22:00,54.47,54.61,54.04,54.60,101516702,0
12/01/2011,22:00,54.65,55.57,54.39,55.42,96794838,0
12/02/2011,22:00,55.69,56.23,55.51,55.67,94818290,0
12/05/2011,22:00,56.21,56.63,55.77,56.14,89342127,0
12/06/2011,22:00,56.07,56.38,55.63,55.85,70951013,0
12/07/2011,22:00,55.70,55.85,55.25,55.58,76249929,0
12/08/2011,22:00,55.92,56.50,55.75,55.81,94089051,0
12/09/2011,22:00,56.12,56.29,55.86,56.23,74285785,0
12/12/2011,22:00,55.95,56.27,55.64,55.98,75266366,0
12/13/2011,22:00,56.14,56.49,55.30,55.54,84784203,0
12/14/2011,22:00,55.24,55.34,53.95,54.31,101788680,0
12/15/2011,22:00,54.76,54.82,54.04,54.13,64112125,0
12/16/2011,22:00,54.34,54.88,54.22,54.43,105394401,0
12/19/2011,22:00,54.64,54.98,54.35,54.60,58881914,0
12/20/2011,22:00,55.39,56.59,55.32,56.56,84350728,0
12/21/2011,22:00,56.67,56.76,56.00,56.64,65736678,0
12/22/2011,22:00,56.71,57.02,56.59,56.94,50589112,0
12/23/2011,22:00,57.10,57.66,57.07,57.62,67401964,0
12/27/2011,22:00,57.59,58.44,57.57,58.08,66308613,0
12/28/2011,22:00,58.13,58.32,57.33,57.52,57214227,0
12/29/2011,22:00,57.63,57.95,57.22,57.87,54039041,0
12/30/2011,22:00,57.64,58.04,57.64,57.86,44943710,0
01/03/2012,22:00,58.49,58.93,58.43,58.75,75564699,0
01/04/2012,22:00,58.57,59.24,58.47,59.06,65061108,0
01/05/2012,22:00,59.28,59.79,58.95,59.72,67816805,0
01/06/2012,22:00,59.97,60.39,59.89,60.34,79596412,0
01/09/2012,22:00,60.79,61.11,60.19,60.25,98505792,0
01/10/2012,22:00,60.84,60.86,60.21,60.46,64581762,0
01/11/2012,22:00,60.38,60.41,59.90,60.36,53798059,0
01/12/2012,22:00,60.33,60.41,59.82,60.20,53180911,0
01/13/2012,22:00,59.96,60.06,59.81,59.97,56539749,0
01/17/2012,22:00,60.60,60.86,60.42,60.67,60724055,0
01/18/2012,22:00,60.99,61.35,60.90,61.30,69197758,0
01/19/2012,22:00,61.45,61.62,60.93,61.11,65434453,0
01/20/2012,22:00,61.07,61.07,59.96,60.04,103492249,0
01/23/2012,22:00,60.38,61.21,60.33,61.06,76515446,0
01/24/2012,22:00,60.73,60.73,59.94,60.06,136909311,0
01/25/2012,22:00,64.92,64.92,63.39,63.81,239565837,0
01/26/2012,22:00,64.05,64.11,63.31,63.52,81057711,0
01/27/2012,22:00,63.48,64.07,63.40,63.90,74971631,0
01/30/2012,22:00,63.67,64.84,63.63,64.72,94832073,0
01/31/2012,22:00,65.08,65.46,64.72,65.21,97977985,0
02/01/2012,22:00,65.49,65.57,65.08,65.17,67510562,0
02/02/2012,22:00,65.13,65.31,64.85,65.02,46698547,0
02/03/2012,22:00,65.33,65.71,65.08,65.67,71717009,0
02/06/2012,22:00,65.48,66.43,65.46,66.28,62420596,0
02/07/2012,22:00,66.46,67.11,66.37,66.98,79055263,0
02/08/2012,22:00,67.21,68.11,67.10,68.10,101969280,0
02/09/2012,22:00,68.68,70.96,68.65,70.45,221053602,0
02/10/2012,22:00,70.14,71.09,69.79,70.49,157824975,0
02/13/2012,22:00,71.36,71.98,71.01,71.80,129301606,0
02/14/2012,22:00,72.09,72.79,71.71,72.78,115483011,0
02/15/2012,22:00,73.47,75.18,70.98,71.10,376528040,0
02/16/2012,22:00,70.21,72.13,69.52,71.74,236137405,0
02/17/2012,22:00,71.87,72.54,71.47,71.73,133947191,0
02/21/2012,22:00,72.41,73.55,72.02,73.55,151396399,0
02/22/2012,22:00,73.30,73.64,72.72,73.29,120823808,0
02/23/2012,22:00,73.58,73.98,72.79,73.77,142006312,0
02/24/2012,22:00,74.24,74.70,74.09,74.63,103819905,0
02/27/2012,22:00,74.47,75.50,73.75,75.11,136895304,0
02/28/2012,22:00,75.42,76.49,75.12,76.49,150096478,0
02/29/2012,22:00,77.37,78.23,76.53,77.49,238000378,0
03/01/2012,22:00,78.31,78.32,76.97,77.78,170813188,0
03/02/2012,22:00,77.75,78.11,77.50,77.88,107927589,0
03/05/2012,22:00,77.92,78.21,75.14,76.17,202280183,0
03/06/2012,22:00,74.81,76.24,73.75,75.75,202559651,0
03/07/2012,22:00,76.69,76.83,74.76,75.81,199629549,0
03/08/2012,22:00,76.38,77.57,76.02,77.43,129110723,0
03/09/2012,22:00,77.74,78.25,77.59,77.88,104724732,0
03/12/2012,22:00,78.43,78.86,78.14,78.86,101820019,0
03/13/2012,22:00,79.65,81.17,79.39,81.16,172712659,0
03/14/2012,22:00,82.58,84.96,82.20,84.23,354709747,0
03/15/2012,22:00,85.66,85.72,82.65,83.65,289917768,0
03/16/2012,22:00,83.53,84.17,82.57,83.65,206371879,0
03/19/2012,22:00,85.48,85.97,84.15,85.87,225308790,0
03/20/2012,22:00,85.64,86.70,84.50,86.57,204167033,0
03/21/2012,22:00,86.11,87.09,85.92,86.07,161010374,0
03/22/2012,22:00,85.40,86.36,85.08,85.62,156032898,0
03/23/2012,22:00,85.78,85.97,84.91,85.15,107621815,0
03/26/2012,22:00,85.68,86.74,85.04,86.71,148934219,0
03/27/2012,22:00,86.60,88.04,86.58,87.78,151782141,0
03/28/2012,22:00,88.34,88.78,87.19,88.23,163864869,0
03/29/2012,22:00,87.54,88.08,86.75,87.12,152059432,0
03/30/2012,22:00,86.97,87.22,85.42,85.65,182759395,0
04/02/2012,22:00,85.98,88.40,85.77,88.38,149586458,0
04/03/2012,22:00,89.61,90.32,88.93,89.90,208638360,0
04/04/2012,22:00,89.19,89.41,88.14,89.19,143245095,0
04/05/2012,22:00,89.57,90.67,89.06,90.53,160318858,0
04/09/2012,22:00,89.45,91.41,89.33,90.89,149384046,0
04/10/2012,22:00,91.42,92.00,89.43,89.78,222422452,0
04/11/2012,22:00,90.89,90.98,89.05,89.46,174152769,0
04/12/2012,22:00,89.29,90.19,88.64,88.97,153582163,0
04/13/2012,22:00,89.16,89.24,86.22,86.46,214911067,0
04/16/2012,22:00,87.15,87.18,82.61,82.88,262696056,0
04/17/2012,22:00,82.71,87.14,81.70,87.10,256371472,0
04/18/2012,22:00,87.67,88.61,86.10,86.91,238632471,0
04/19/2012,22:00,85.75,86.39,83.50,83.92,208678365,0
04/20/2012,22:00,84.48,84.95,81.49,81.85,257743808,0
04/23/2012,22:00,81.52,82.38,79.52,81.67,241629479,0
04/24/2012,22:00,80.37,81.10,79.29,80.04,269099838,0
04/25/2012,22:00,87.95,88.29,86.57,87.14,226427670,0
04/26/2012,22:00,87.75,87.81,86.02,86.81,134016274,0
04/27/2012,22:00,86.44,86.60,85.79,86.14,101692500,0
04/30/2012,22:00,85.40,85.49,83.29,83.43,126535038,0
05/01/2012,22:00,83.56,85.25,83.03,83.16,152749513,0
05/02/2012,22:00,82.89,83.91,82.69,83.71,106906016,0
05/03/2012,22:00,84.36,84.49,82.90,83.12,97637057,0
05/04/2012,22:00,82.44,82.62,80.74,80.75,132497421,0
05/07/2012,22:00,80.21,81.82,80.18,81.35,115073217,0
05/08/2012,22:00,81.37,81.64,79.82,81.17,124312720,0
05/09/2012,22:00,80.53,82.00,80.12,81.31,120175923,0
05/10/2012,22:00,82.08,82.27,81.21,81.50,83317752,0
05/11/2012,22:00,80.71,82.07,80.62,80.96,99886332,0
05/14/2012,22:00,80.37,81.07,79.66,79.75,88156103,0
05/15/2012,22:00,80.21,80.46,78.82,79.02,119076678,0
05/16/2012,22:00,79.15,79.56,77.29,78.01,140223874,0
05/17/2012,22:00,77.90,78.21,75.73,75.73,179304713,0
05/18/2012,22:00,76.28,77.63,75.52,75.77,183072463,0
05/21/2012,22:00,76.36,80.22,76.29,80.18,157772790,0
05/22/2012,22:00,81.36,81.98,78.94,79.57,173696754,0
05/23/2012,22:00,79.64,81.83,79.03,81.51,146224365,0
05/24/2012,22:00,82.27,82.36,80.18,80.76,124049506,0
05/25/2012,22:00,80.66,80.84,79.78,80.33,82116552,0
05/29/2012,22:00,81.56,82.00,80.76,81.75,95126346,0
05/30/2012,22:00,81.31,82.86,80.94,82.74,132355209,0
05/31/2012,22:00,82.96,83.07,81.64,82.53,122977603,0
06/01/2012,22:00,81.31,81.81,80.07,80.14,130257505,0
06/04/2012,22:00,80.21,81.07,78.36,80.61,139247129,0
06/05/2012,22:00,80.18,80.92,79.76,80.40,97053376,0
06/06/2012,22:00,81.11,81.98,80.79,81.64,100362262,0
06/07/2012,22:00,82.47,82.47,81.50,81.67,94993164,0
06/08/2012,22:00,81.66,82.94,81.29,82.90,86872870,0
06/11/2012,22:00,83.96,84.07,81.52,81.60,147815696,0
06/12/2012,22:00,82.07,82.37,80.96,82.31,108894961,0
06/13/2012,22:00,82.07,82.64,81.48,81.74,73443230,0
06/14/2012,22:00,81.61,81.93,81.04,81.65,86460283,0
06/15/2012,22:00,81.57,82.09,81.36,82.02,83813380,0
06/18/2012,22:00,81.57,83.98,81.48,83.68,110102790,0
06/19/2012,22:00,83.34,84.29,83.30,83.92,90350932,0
06/20/2012,22:00,84.03,84.18,82.97,83.68,89789644,0
06/21/2012,22:00,83.63,84.03,82.49,82.52,81626258,0
06/22/2012,22:00,82.72,83.17,82.20,83.16,71186311,0
06/25/2012,22:00,82.47,82.83,81.48,81.54,76088656,0
06/26/2012,22:00,81.62,82.07,81.05,81.72,69187503,0
06/27/2012,22:00,82.14,82.39,81.70,82.07,50764770,0
06/28/2012,22:00,81.67,82.00,80.80,81.29,70760543,0
06/29/2012,22:00,82.57,83.43,82.04,83.43,105360031,0
07/02/2012,22:00,83.53,84.78,83.37,84.65,100026976,0
07/03/2012,22:00,84.98,85.71,84.86,85.65,58746835,0
07/05/2012,22:00,85.79,87.76,85.66,87.13,121095121,0
07/06/2012,22:00,86.73,86.92,85.94,86.55,104757156,0
07/09/2012,22:00,86.47,87.70,86.30,87.70,94850224,0
07/10/2012,22:00,88.28,88.55,86.47,86.89,127989407,0
07/11/2012,22:00,86.59,86.81,85.32,86.35,117329366,0
07/12/2012,22:00,85.75,86.21,84.67,85.56,106997163,0
07/13/2012,22:00,86.14,86.74,85.71,86.42,77904449,0
07/16/2012,22:00,86.45,87.37,86.43,86.70,75326342,0
07/17/2012,22:00,87.26,87.36,86.16,86.71,73453037,0
07/18/2012,22:00,86.66,86.91,86.22,86.61,63174888,0
07/19/2012,22:00,87.33,87.91,86.57,87.76,109214567,0
07/20/2012,22:00,87.58,87.78,86.24,86.33,99367450,0
07/23/2012,22:00,84.91,86.56,83.96,86.26,121993795,0
07/24/2012,22:00,86.77,87.10,85.50,85.85,141283044,0
07/25/2012,22:00,82.07,82.97,81.43,82.14,219314368,0
07/26/2012,22:00,82.82,82.91,81.48,82.13,101702580,0
07/27/2012,22:00,82.14,83.69,81.66,83.59,101013241,0
07/30/2012,22:00,84.42,85.63,83.97,85.00,94784970,0
07/31/2012,22:00,86.18,87.39,86.10,87.25,115581676,0
08/01/2012,22:00,87.99,88.06,86.14,86.69,96124742,0
08/02/2012,22:00,86.12,87.24,85.75,86.83,83062203,0
08/03/2012,22:00,87.66,88.28,87.37,87.96,86228604,0
08/06/2012,22:00,88.18,89.27,87.89,88.94,75580008,0
08/07/2012,22:00,88.97,89.29,88.29,88.70,72627492,0
08/08/2012,22:00,88.48,89.13,88.16,88.55,61176080,0
08/09/2012,22:00,88.26,88.82,88.26,88.68,55452586,0
08/10/2012,22:00,88.39,88.82,88.39,88.81,48765045,0
08/13/2012,22:00,89.06,90.00,89.04,90.00,69707463,0
08/14/2012,22:00,90.27,91.23,90.03,90.24,85041824,0
08/15/2012,22:00,90.19,90.57,89.68,90.12,64377278,0
08/16/2012,22:00,90.17,90.97,90.07,90.91,63694204,0
08/17/2012,22:00,91.40,92.60,91.26,92.59,110689894,0
08/20/2012,22:00,92.86,95.02,92.84,95.02,153345689,0
08/21/2012,22:00,95.83,96.41,92.90,93.72,203176260,0
08/22/2012,22:00,93.49,95.57,92.59,95.55,141330637,0
08/23/2012,22:00,95.16,95.70,94.45,94.66,105029568,0
08/24/2012,22:00,94.22,95.64,93.65,94.75,109334113,0
08/27/2012,22:00,97.14,97.27,96.22,96.53,106728601,0
08/28/2012,22:00,96.43,96.59,95.81,96.40,66844323,0
08/29/2012,22:00,96.46,96.81,96.09,96.21,50701084,0
08/30/2012,22:00,95.81,95.94,94.69,94.84,75672793,0
08/31/2012,22:00,95.32,95.51,93.89,95.03,84579607,0
09/04/2012,22:00,95.11,96.45,94.93,96.42,91972629,0
09/05/2012,22:00,96.51,96.62,95.66,95.75,84090475,0
09/06/2012,22:00,96.17,96.90,95.83,96.61,97845664,0
09/07/2012,22:00,96.86,97.50,96.54,97.21,82416145,0
09/10/2012,22:00,97.21,97.61,94.59,94.68,121998898,0
09/11/2012,22:00,95.02,95.73,93.79,94.37,125984852,0
09/12/2012,22:00,95.26,95.70,93.71,95.68,178054492,0
09/13/2012,22:00,96.77,97.93,96.40,97.57,149589629,0
09/14/2012,22:00,98.57,99.57,98.27,98.75,150118311,0
09/17/2012,22:00,99.91,99.97,99.23,99.97,99507499,0
09/18/2012,22:00,99.98,100.33,99.49,100.27,93375667,0
09/19/2012,22:00,100.04,100.57,99.94,100.30,81715004,0
09/20/2012,22:00,99.88,100.01,99.09,99.81,84141932,0
09/21/2012,22:00,100.34,100.72,99.91,100.01,142897076,0
09/24/2012,22:00,98.12,99.30,97.57,98.68,159936196,0
09/25/2012,22:00,98.32,98.97,96.14,96.22,129690449,0
09/26/2012,22:00,95.53,96.10,94.46,95.03,144175906,0
09/27/2012,22:00,94.90,97.45,94.34,97.33,148522031,0
09/28/2012,22:00,96.96,97.30,95.25,95.30,133777077,0
10/01/2012,22:00,95.88,96.68,93.79,94.20,135895921,0
10/02/2012,22:00,94.54,95.19,92.95,94.47,156997638,0
10/03/2012,22:00,94.98,95.98,94.66,95.92,106069719,0
10/04/2012,22:00,95.89,96.32,95.08,95.26,92688813,0
10/05/2012,22:00,95.03,95.14,93.04,93.23,148501108,0
10/08/2012,22:00,92.41,92.51,90.87,91.17,159494867,0
10/09/2012,22:00,91.24,91.50,89.08,90.84,209648887,0
10/10/2012,22:00,91.39,92.14,91.00,91.56,127588930,0
10/11/2012,22:00,92.36,92.46,89.73,89.73,136520097,0
10/12/2012,22:00,89.94,90.77,89.33,89.96,115003665,0
10/15/2012,22:00,90.34,90.73,89.12,90.68,108124961,0
10/16/2012,22:00,90.77,92.90,90.14,92.83,137442816,0
10/17/2012,22:00,92.70,93.26,92.00,92.09,97327643,0
10/18/2012,22:00,91.37,91.72,90.00,90.38,119155512,0
10/19/2012,22:00,90.15,90.25,87.09,87.12,186021017,0
10/22/2012,22:00,87.49,90.77,87.25,90.58,136682392,0
10/23/2012,22:00,90.14,90.56,87.39,87.62,176786197,0
10/24/2012,22:00,88.78,89.51,87.23,88.12,139631772,0
10/25/2012,22:00,88.57,88.86,86.51,87.08,164081393,0
10/26/2012,22:00,87.06,87.71,84.43,86.29,254605834,0
10/31/2012,22:00,84.98,85.99,83.96,85.05,127500471,0
11/01/2012,22:00,85.46,86.14,84.88,85.22,90361922,0
11/02/2012,22:00,85.13,85.28,82.11,82.40,149843064,0
11/05/2012,22:00,83.36,83.97,82.51,83.52,132321224,0
11/06/2012,22:00,84.32,84.39,82.87,83.26,93729041,0
11/07/2012,22:00,81.98,82.08,79.39,79.71,198412186,0
11/08/2012,22:00,80.09,80.32,76.47,76.82,264036339,0
11/09/2012,22:00,77.20,79.27,76.25,78.15,232476496,0
11/12/2012,22:00,79.16,79.21,76.95,77.55,128950479,0
11/13/2012,22:00,76.99,78.64,76.62,77.56,133302610,0
11/14/2012,22:00,77.93,78.21,76.60,76.70,119291977,0
11/15/2012,22:00,76.79,77.07,74.66,75.09,197477385,0
11/16/2012,22:00,75.03,75.71,72.25,75.38,316722763,0
11/19/2012,22:00,77.24,81.07,77.13,80.82,205792965,0
11/20/2012,22:00,81.70,81.71,79.23,80.13,160687856,0
11/21/2012,22:00,80.61,81.05,79.51,80.24,93306759,0
11/23/2012,22:00,81.02,81.71,80.37,81.64,66623599,0
11/26/2012,22:00,82.27,84.29,81.96,84.22,157644431,0
11/27/2012,22:00,84.22,84.35,82.87,83.54,133328454,0
11/28/2012,22:00,82.47,83.69,81.75,83.28,130264981,0
11/29/2012,22:00,84.32,84.89,83.61,84.19,128674525,0
11/30/2012,22:00,83.83,84.06,83.24,83.61,97824986,0
12/03/2012,22:00,84.81,84.94,83.64,83.74,91069097,0
12/04/2012,22:00,83.11,83.11,81.73,82.26,139482392,0
12/05/2012,22:00,81.27,81.32,76.97,76.97,261159353,0
12/06/2012,22:00,75.56,79.04,74.09,78.18,294301791,0
12/07/2012,22:00,79.06,79.31,75.71,76.18,196941794,0
12/10/2012,22:00,75.00,76.93,74.51,75.69,157620575,0
12/11/2012,22:00,77.11,78.51,76.77,77.34,148085903,0
12/12/2012,22:00,78.25,78.29,76.61,77.00,121783130,0
12/13/2012,22:00,75.88,76.81,75.11,75.67,156314627,0
12/14/2012,22:00,73.54,74.02,72.23,72.83,252394499,0
12/17/2012,22:00,72.70,74.29,71.60,74.12,189736022,0
12/18/2012,22:00,75.00,76.41,74.32,76.27,156417023,0
12/19/2012,22:00,75.92,76.24,75.07,75.19,112340424,0
12/20/2012,22:00,75.71,75.74,74.13,74.53,120421798,0
12/21/2012,22:00,73.21,74.24,72.89,74.19,149129554,0
12/24/2012,22:00,74.34,74.89,74.10,74.31,43729133,0
12/26/2012,22:00,74.14,74.21,73.02,73.29,75609030,0
12/27/2012,22:00,73.36,73.75,72.09,73.58,113779680,0
12/28/2012,22:00,72.90,73.50,72.59,72.80,88569243,0
12/31/2012,22:00,72.93,76.49,72.71,76.02,164872785,0
