"Date","Time","Open","High","Low","Close","Vol","OI"
01/02/2013,22:00,79.12,79.29,77.38,78.43,140124866,0
01/03/2013,22:00,78.27,78.52,77.29,77.44,88240950,0
01/04/2013,22:00,76.71,76.95,75.12,75.29,148581860,0
01/07/2013,22:00,74.57,75.61,73.60,74.84,121038176,0
01/08/2013,22:00,75.60,75.98,74.46,75.04,114676751,0
01/09/2013,22:00,74.64,75.00,73.71,73.87,101899959,0
01/10/2013,22:00,75.51,75.53,73.65,74.79,150285296,0
01/11/2013,22:00,74.43,75.05,74.15,74.33,87688741,0
01/14/2013,22:00,71.81,72.50,71.22,71.68,183544396,0
01/15/2013,22:00,71.19,71.28,69.05,69.42,219192932,0
01/16/2013,22:00,70.66,72.78,70.36,72.30,172700045,0
01/17/2013,22:00,72.90,72.96,71.72,71.81,113412579,0
01/18/2013,22:00,71.22,71.75,70.91,71.43,118287267,0
01/22/2013,22:00,72.08,72.55,70.95,72.11,115386173,0
01/23/2013,22:00,72.69,73.57,72.11,73.43,215375853,0
01/24/2013,22:00,65.71,66.53,64.32,64.36,365212953,0
01/25/2013,22:00,64.53,65.18,62.27,62.84,301993503,0
01/28/2013,22:00,62.55,64.74,62.27,64.26,196378931,0
01/29/2013,22:00,65.50,65.74,64.59,65.47,142768017,0
01/30/2013,22:00,65.29,66.09,64.93,65.26,104288317,0
01/31/2013,22:00,65.28,65.61,65.00,65.07,79833215,0
02/01/2013,22:00,65.59,65.64,64.05,64.80,134867089,0
02/04/2013,22:00,64.84,65.13,63.14,63.19,119278754,0
02/05/2013,22:00,63.44,65.68,63.17,65.41,143336536,0
02/06/2013,22:00,65.21,66.64,64.65,65.34,148426012,0
02/07/2013,22:00,66.18,67.14,64.87,66.89,176145074,0
02/08/2013,22:00,67.71,68.40,66.89,67.85,158288984,0
02/11/2013,22:00,68.07,69.28,67.61,68.56,129358516,0
02/12/2013,22:00,68.50,68.91,66.82,66.84,152262712,0
02/13/2013,22:00,66.74,67.66,66.17,66.72,118801221,0
02/14/2013,22:00,66.36,67.38,66.29,66.66,88876501,0
02/15/2013,22:00,66.98,67.17,65.70,65.74,97981177,0
02/19/2013,22:00,65.87,66.10,64.84,65.71,108944213,0
02/20/2013,22:00,65.38,65.38,64.11,64.12,119074886,0
02/21/2013,22:00,63.71,64.17,63.26,63.72,111795180,0
02/22/2013,22:00,64.18,64.51,63.80,64.40,82663644,0
02/25/2013,22:00,64.84,65.02,63.22,63.26,93144464,0
02/26/2013,22:00,63.40,64.51,62.52,64.14,125374074,0
02/27/2013,22:00,64.06,64.63,62.95,63.51,146836928,0
02/28/2013,22:00,63.44,63.98,63.06,63.06,80628737,0
03/01/2013,22:00,62.57,62.60,61.43,61.50,138111792,0
03/04/2013,22:00,61.11,61.17,59.86,60.01,145684399,0
03/05/2013,22:00,60.21,62.17,60.11,61.59,159607042,0
03/06/2013,22:00,62.07,62.18,60.63,60.81,115062269,0
03/07/2013,22:00,60.64,61.72,60.15,61.51,117117826,0
03/08/2013,22:00,61.40,62.20,61.23,61.67,97898983,0
03/11/2013,22:00,61.39,62.72,60.73,62.55,118558356,0
03/12/2013,22:00,62.23,62.70,61.08,61.20,116477473,0
03/13/2013,22:00,61.21,62.07,60.77,61.19,101454192,0
03/14/2013,22:00,61.83,62.09,61.49,61.79,75968746,0
03/15/2013,22:00,62.56,63.46,62.46,63.38,160989787,0
03/18/2013,22:00,63.06,65.35,63.03,65.10,151549090,0
03/19/2013,22:00,65.64,65.85,64.07,64.93,131693310,0
03/20/2013,22:00,65.35,65.38,64.23,64.58,77165158,0
03/21/2013,22:00,64.32,65.43,64.30,64.68,95813410,0
03/22/2013,22:00,64.94,66.01,64.73,65.99,98776111,0
03/25/2013,22:00,66.38,67.14,65.97,66.23,125283438,0
03/26/2013,22:00,66.49,66.55,65.79,65.88,73573423,0
03/27/2013,22:00,65.21,65.26,64.39,64.58,82852294,0
03/28/2013,22:00,64.26,64.55,63.09,63.24,110745586,0
04/01/2013,22:00,63.13,63.39,61.11,61.27,97432489,0
04/02/2013,22:00,61.09,62.59,60.91,61.40,132443234,0
04/03/2013,22:00,61.62,62.47,61.47,61.71,90803727,0
04/04/2013,22:00,61.97,62.14,60.75,61.10,89664638,0
04/05/2013,22:00,60.64,60.71,59.95,60.46,95923478,0
04/08/2013,22:00,60.69,61.07,60.36,60.89,75264742,0
04/09/2013,22:00,60.91,61.21,60.39,61.00,76688115,0
04/10/2013,22:00,61.16,62.44,60.86,62.24,93981748,0
04/11/2013,22:00,61.96,62.57,61.60,62.05,82154093,0
04/12/2013,22:00,62.02,62.02,61.30,61.40,59681279,0
04/15/2013,22:00,61.00,61.13,59.94,59.98,79379706,0
04/16/2013,22:00,60.22,60.94,60.08,60.89,76442758,0
04/17/2013,22:00,60.04,60.09,56.87,57.54,236263461,0
04/18/2013,22:00,57.86,57.97,55.68,56.01,166574163,0
04/19/2013,22:00,55.42,57.09,55.01,55.79,152318201,0
04/22/2013,22:00,56.09,57.46,55.90,56.95,107479442,0
04/23/2013,22:00,57.71,58.34,56.97,58.02,166058949,0
04/24/2013,22:00,56.22,59.32,56.07,57.92,242458391,0
04/25/2013,22:00,58.75,59.13,58.14,58.34,96209155,0
04/26/2013,22:00,58.54,59.82,58.32,59.60,191068990,0
04/29/2013,22:00,60.06,61.95,60.00,61.45,160081110,0
04/30/2013,22:00,62.16,63.61,61.72,63.25,172884362,0
05/01/2013,22:00,63.49,63.56,62.06,62.76,126788697,0
05/02/2013,22:00,63.11,64.08,62.95,63.65,105506184,0
05/03/2013,22:00,64.47,64.75,64.16,64.28,90381788,0
05/06/2013,22:00,65.10,66.03,64.90,65.82,124160162,0
05/07/2013,22:00,66.42,66.54,64.81,65.52,120938076,0
05/08/2013,22:00,65.58,66.48,65.12,66.26,118149038,0
05/09/2013,22:00,65.69,66.14,65.08,65.25,99687476,0
05/10/2013,22:00,65.42,65.67,64.35,64.71,83712482,0
05/13/2013,22:00,64.50,65.41,64.50,64.96,79277310,0
05/14/2013,22:00,64.84,65.03,63.16,63.41,111778940,0
05/15/2013,22:00,62.74,63.00,60.34,61.26,185403085,0
05/16/2013,22:00,60.46,62.55,59.84,62.08,150866478,0
05/17/2013,22:00,62.72,62.87,61.57,61.89,107019829,0
05/20/2013,22:00,61.70,63.69,61.44,63.28,112893984,0
05/21/2013,22:00,62.59,63.64,62.03,62.81,114074240,0
05/22/2013,22:00,63.44,64.05,62.60,63.05,110814858,0
05/23/2013,22:00,62.28,63.74,62.26,63.16,88345236,0
05/24/2013,22:00,62.98,63.67,62.91,63.59,69106639,0
05/28/2013,22:00,64.27,64.44,62.98,63.06,96536188,0
05/29/2013,22:00,62.86,63.93,62.77,63.56,82695669,0
05/30/2013,22:00,63.66,64.93,63.50,64.51,88428648,0
05/31/2013,22:00,64.64,65.30,64.21,64.25,96075042,0
06/03/2013,22:00,64.39,64.62,63.21,64.39,93087841,0
06/04/2013,22:00,64.75,64.92,63.91,64.19,73181521,0
06/05/2013,22:00,63.66,64.39,63.39,63.59,72647337,0
06/06/2013,22:00,63.64,63.86,62.01,62.64,104268458,0
06/07/2013,22:00,62.36,63.32,61.82,63.12,101185686,0
06/10/2013,22:00,63.53,64.15,62.40,62.70,112589043,0
06/11/2013,22:00,62.25,63.25,61.90,62.51,71596021,0
06/12/2013,22:00,62.79,63.04,61.64,61.74,66356668,0
06/13/2013,22:00,61.79,62.45,61.25,62.28,71528086,0
06/14/2013,22:00,62.20,62.33,61.21,61.44,68020911,0
06/17/2013,22:00,61.63,62.24,61.48,61.71,64860453,0
06/18/2013,22:00,61.65,62.13,61.46,61.68,48790448,0
06/19/2013,22:00,61.63,61.67,60.43,60.43,77757785,0
06/20/2013,22:00,59.90,60.85,59.31,59.55,89374558,0
06/21/2013,22:00,59.78,60.00,58.30,59.07,120312346,0
06/24/2013,22:00,58.20,58.38,56.86,57.51,120186430,0
06/25/2013,22:00,57.96,58.26,56.98,57.52,78584786,0
06/26/2013,22:00,57.70,57.83,56.52,56.87,91986573,0
06/27/2013,22:00,57.00,57.34,56.22,56.25,84350049,0
06/28/2013,22:00,55.91,57.18,55.55,56.65,144659417,0
07/01/2013,22:00,57.53,58.90,57.32,58.46,97793045,0
07/02/2013,22:00,58.57,60.23,58.50,59.78,117521579,0
07/03/2013,22:00,60.12,60.43,59.64,60.11,59882648,0
07/05/2013,22:00,60.06,60.47,59.34,59.63,68520760,0
07/08/2013,22:00,60.02,60.14,58.66,59.29,74578420,0
07/09/2013,22:00,59.09,60.50,58.63,60.34,88172238,0
07/10/2013,22:00,59.94,60.69,59.75,60.10,70350819,0
07/11/2013,22:00,60.42,61.18,60.17,61.04,81618964,0
07/12/2013,22:00,61.09,61.40,60.49,60.93,69910463,0
07/15/2013,22:00,60.72,61.64,60.69,61.06,60543105,0
07/16/2013,22:00,60.93,61.53,60.60,61.46,54134367,0
07/17/2013,22:00,61.39,61.75,61.17,61.47,49764064,0
07/18/2013,22:00,61.91,62.12,61.52,61.68,54760818,0
07/19/2013,22:00,61.87,62.00,60.62,60.71,67194715,0
07/22/2013,22:00,61.35,61.39,60.78,60.90,51997596,0
07/23/2013,22:00,60.86,60.99,59.82,59.86,92348403,0
07/24/2013,22:00,62.70,63.51,62.18,62.93,148013824,0
07/25/2013,22:00,62.96,63.06,62.26,62.64,57420636,0
07/26/2013,22:00,62.19,63.01,62.05,63.00,50068753,0
07/29/2013,22:00,62.97,64.28,62.89,63.97,62110300,0
07/30/2013,22:00,64.28,65.31,64.18,64.76,77355565,0
07/31/2013,22:00,65.00,65.33,64.20,64.65,80739351,0
08/01/2013,22:00,65.11,65.26,64.75,65.24,51562322,0
08/02/2013,22:00,65.43,66.12,65.24,66.08,68695326,0
08/05/2013,22:00,66.38,67.24,66.02,67.06,79713592,0
08/06/2013,22:00,66.86,67.41,66.02,66.46,83728540,0
08/07/2013,22:00,66.26,66.71,65.97,66.43,74713968,0
08/08/2013,22:00,66.26,66.30,65.42,65.86,63999838,0
08/09/2013,22:00,65.52,65.78,64.81,64.92,66905209,0
08/12/2013,22:00,65.27,66.95,65.23,66.77,91108290,0
08/13/2013,22:00,67.28,70.67,66.86,69.94,220484936,0
08/14/2013,22:00,71.13,72.04,70.49,71.21,189092911,0
08/15/2013,22:00,70.92,71.77,69.87,71.13,122573507,0
08/16/2013,22:00,71.45,71.85,71.27,71.76,90575856,0
08/19/2013,22:00,72.05,73.39,72.00,72.53,127629481,0
08/20/2013,22:00,72.82,72.94,71.55,71.58,89671743,0
08/21/2013,22:00,71.94,72.45,71.60,71.77,83969305,0
08/22/2013,22:00,72.14,72.23,71.17,71.85,61051676,0
08/23/2013,22:00,71.90,71.91,71.34,71.57,55682221,0
08/26/2013,22:00,71.54,72.89,71.50,71.85,82741050,0
08/27/2013,22:00,71.14,71.79,69.47,69.80,106047109,0
08/28/2013,22:00,69.43,70.83,69.43,70.13,76901678,0
08/29/2013,22:00,70.24,70.93,70.16,70.24,59913714,0
08/30/2013,22:00,70.29,70.42,69.50,69.60,68100788,0
09/03/2013,22:00,70.44,70.98,69.62,69.80,83025166,0
09/04/2013,22:00,71.37,71.75,70.90,71.24,86257878,0
09/05/2013,22:00,71.46,71.53,70.52,70.75,59091879,0
09/06/2013,22:00,71.21,71.34,69.99,71.17,89881253,0
09/09/2013,22:00,72.14,72.56,71.93,72.31,85171583,0
09/10/2013,22:00,72.31,72.49,69.93,70.66,185798872,0
09/11/2013,22:00,66.72,67.67,66.40,66.82,224673456,0
09/12/2013,22:00,66.93,67.91,66.57,67.53,101012471,0
09/13/2013,22:00,67.05,67.40,66.39,66.41,74708438,0
09/16/2013,22:00,65.86,65.94,63.89,64.30,137137665,0
09/17/2013,22:00,63.99,65.67,63.93,65.05,99844773,0
09/18/2013,22:00,66.17,66.62,65.81,66.38,114215304,0
09/19/2013,22:00,67.24,67.98,67.04,67.47,101134712,0
09/20/2013,22:00,68.29,68.36,66.57,66.77,174825322,0
09/23/2013,22:00,70.87,70.99,68.94,70.09,190526525,0
09/24/2013,22:00,70.70,70.78,69.69,69.87,91085743,0
09/25/2013,22:00,69.89,69.95,68.78,68.79,79239167,0
09/26/2013,22:00,69.43,69.79,69.13,69.46,59305183,0
09/27/2013,22:00,69.11,69.24,68.67,68.96,57009729,0
09/30/2013,22:00,68.18,68.81,67.77,68.11,65039408,0
10/01/2013,22:00,68.35,69.88,68.34,69.71,88470655,0
10/02/2013,22:00,69.38,70.26,69.11,69.94,72295902,0
10/03/2013,22:00,70.07,70.34,68.68,69.06,80688503,0
10/04/2013,22:00,69.12,69.23,68.37,69.00,64717380,0
10/07/2013,22:00,69.51,70.38,69.34,69.68,78073107,0
10/08/2013,22:00,69.99,70.09,68.65,68.71,72729006,0
10/09/2013,22:00,69.23,69.68,68.33,69.51,75431216,0
10/10/2013,22:00,70.19,70.34,69.58,69.95,69650490,0
10/11/2013,22:00,69.57,70.55,69.31,70.40,66934938,0
10/14/2013,22:00,69.98,71.08,69.91,70.86,65474542,0
10/15/2013,22:00,71.07,71.71,70.79,71.24,80018603,0
10/16/2013,22:00,71.54,71.79,71.32,71.59,62775013,0
10/17/2013,22:00,71.43,72.11,71.38,72.07,63398335,0
10/18/2013,22:00,72.28,72.75,72.24,72.70,72635570,0
10/21/2013,22:00,73.11,74.90,73.07,74.48,99526945,0
10/22/2013,22:00,75.20,75.49,72.58,74.27,133515753,0
10/23/2013,22:00,74.14,75.10,74.14,74.99,78431122,0
10/24/2013,22:00,75.00,76.07,74.64,75.99,96191095,0
10/25/2013,22:00,75.90,76.18,75.02,75.14,84448133,0
10/28/2013,22:00,75.58,75.86,74.74,75.70,137610123,0
10/29/2013,22:00,76.61,77.04,73.51,73.81,158952115,0
10/30/2013,22:00,74.23,75.36,73.86,74.99,88540697,0
10/31/2013,22:00,75.00,75.36,74.47,74.67,68923785,0
11/01/2013,22:00,74.86,74.97,73.69,74.29,68722304,0
11/04/2013,22:00,74.44,75.26,74.12,75.25,61157033,0
11/05/2013,22:00,74.94,75.56,74.71,75.06,66368071,0
11/06/2013,22:00,74.88,74.98,74.03,74.42,55844152,0
11/07/2013,22:00,74.23,74.74,73.20,73.21,65655100,0
11/08/2013,22:00,73.51,74.45,73.23,74.37,69829543,0
11/11/2013,22:00,74.28,74.52,73.49,74.15,56863303,0
11/12/2013,22:00,73.95,74.85,73.86,74.29,51114651,0
11/13/2013,22:00,74.00,74.61,73.85,74.38,49304927,0
11/14/2013,22:00,74.69,75.61,74.55,75.45,70605087,0
11/15/2013,22:00,75.23,75.58,74.93,75.00,79479764,0
11/18/2013,22:00,75.00,75.31,74.03,74.09,61236224,0
11/19/2013,22:00,74.15,74.77,74.00,74.22,52234707,0
11/20/2013,22:00,74.18,74.35,73.48,73.57,48545798,0
11/21/2013,22:00,73.94,74.46,73.38,74.45,65506861,0
11/22/2013,22:00,74.22,74.59,74.08,74.26,55931232,0
11/25/2013,22:00,74.43,75.12,74.43,74.82,57348403,0
11/26/2013,22:00,74.87,76.59,74.86,76.20,100345728,0
11/27/2013,22:00,76.62,78.00,76.60,77.99,90861841,0
11/29/2013,22:00,78.50,79.76,78.26,79.44,78391222,0
12/02/2013,22:00,79.71,80.62,78.69,78.75,118135885,0
12/03/2013,22:00,79.76,80.91,79.67,80.90,112741734,0
12/04/2013,22:00,80.79,81.31,80.12,80.71,94452666,0
12/05/2013,22:00,81.81,82.16,80.92,81.13,111895315,0
12/06/2013,22:00,80.83,80.96,79.94,80.00,86088352,0
12/09/2013,22:00,80.15,81.37,80.13,80.92,80123533,0
12/10/2013,22:00,80.51,81.13,80.17,80.79,69567610,0
12/11/2013,22:00,81.00,81.57,79.96,80.19,89929693,0
12/12/2013,22:00,80.31,80.76,80.00,80.08,65572318,0
12/13/2013,22:00,80.41,80.41,79.10,79.20,83205283,0
12/16/2013,22:00,79.29,80.38,79.29,79.64,70648452,0
12/17/2013,22:00,79.41,79.92,79.05,79.28,57475649,0
12/18/2013,22:00,78.53,78.78,76.97,78.68,141465807,0
12/19/2013,22:00,78.50,78.57,77.68,77.78,80239369,0
12/20/2013,22:00,77.92,78.80,77.83,78.43,109103435,0
12/23/2013,22:00,81.14,81.53,80.39,81.44,125326831,0
12/24/2013,22:00,81.41,81.70,80.86,81.10,42002016,0
12/26/2013,22:00,81.16,81.36,80.48,80.56,51002035,0
12/27/2013,22:00,80.55,80.63,79.93,80.01,56471317,0
12/30/2013,22:00,79.71,80.01,78.90,79.22,63407722,0
12/31/2013,22:00,79.17,80.18,79.14,80.15,55819372,0
01/02/2014,22:00,79.44,79.58,78.86,79.02,58791957,0
01/03/2014,22:00,78.98,79.10,77.20,77.28,98303870,0
01/06/2014,22:00,76.78,78.11,76.23,77.70,103359151,0
01/07/2014,22:00,77.76,77.99,76.85,77.15,79432766,0
01/08/2014,22:00,76.97,77.94,76.96,77.64,64686685,0
01/09/2014,22:00,78.11,78.12,76.48,76.65,69905199,0
01/10/2014,22:00,77.12,77.26,75.87,76.13,76320664,0
01/13/2014,22:00,75.70,77.50,75.70,76.53,94860843,0
01/14/2014,22:00,76.89,78.10,76.81,78.06,83734371,0
01/15/2014,22:00,79.07,80.03,78.81,79.62,98472619,0
01/16/2014,22:00,79.27,79.55,78.81,79.18,57471330,0
01/17/2014,22:00,78.72,78.87,77.13,77.24,108426689,0
01/21/2014,22:00,77.28,78.58,77.20,78.44,82255544,0
01/22/2014,22:00,78.69,79.61,78.26,78.79,95219334,0
01/23/2014,22:00,78.56,79.50,77.83,79.45,100978346,0
01/24/2014,22:00,79.14,79.37,77.82,78.01,108384437,0
01/27/2014,22:00,78.58,79.26,77.96,78.64,144219152,0
01/28/2014,22:00,72.68,73.57,71.72,72.36,266833581,0
01/29/2014,22:00,71.99,72.48,71.23,71.54,125942796,0
01/30/2014,22:00,71.79,72.36,70.96,71.40,169762789,0
01/31/2014,22:00,70.83,71.65,70.51,71.51,116336444,0
02/03/2014,22:00,71.80,72.53,71.33,71.65,100620772,0
02/04/2014,22:00,72.26,72.78,71.82,72.68,94273543,0
02/05/2014,22:00,72.37,73.61,72.32,73.23,82322156,0
02/06/2014,22:00,72.87,73.36,72.54,73.22,64497223,0
02/07/2014,22:00,74.48,74.70,73.91,74.24,93638601,0
02/10/2014,22:00,74.09,76.00,74.00,75.57,86451022,0
02/11/2014,22:00,75.80,76.82,75.64,76.57,70672252,0
02/12/2014,22:00,76.70,77.08,76.18,76.56,77127064,0
02/13/2014,22:00,76.38,77.84,76.31,77.78,76960156,0
02/14/2014,22:00,77.50,78.00,77.32,77.71,68468036,0
02/18/2014,22:00,78.00,78.74,77.94,78.00,65306248,0
02/19/2014,22:00,77.82,78.13,76.34,76.77,78554420,0
02/20/2014,22:00,76.14,76.71,75.57,75.88,76529103,0
02/21/2014,22:00,76.11,76.37,74.94,75.04,69757247,0
02/24/2014,22:00,74.74,75.70,74.63,75.36,72364950,0
02/25/2014,22:00,75.63,75.65,74.43,74.58,58247350,0
02/26/2014,22:00,74.80,75.00,73.66,73.91,69131286,0
02/27/2014,22:00,73.88,75.54,73.72,75.38,75557321,0
02/28/2014,22:00,75.58,76.11,74.59,75.18,93074653,0
03/03/2014,22:00,74.77,75.81,74.69,75.39,59784494,0
03/04/2014,22:00,75.86,76.09,75.40,75.89,64884834,0
03/05/2014,22:00,75.85,76.39,75.59,76.05,50065519,0
03/06/2014,22:00,76.11,76.35,75.44,75.82,46423111,0
03/07/2014,22:00,75.87,76.00,75.15,75.78,55415241,0
03/10/2014,22:00,75.48,76.19,75.48,75.85,44691430,0
03/11/2014,22:00,76.49,76.96,76.08,76.58,70198849,0
03/12/2014,22:00,76.36,76.76,76.00,76.66,50195460,0
03/13/2014,22:00,76.78,77.09,75.59,75.81,64435609,0
03/14/2014,22:00,75.46,75.84,74.71,74.96,59299492,0
03/17/2014,22:00,75.39,75.71,75.12,75.25,49886074,0
03/18/2014,22:00,75.13,76.00,75.03,75.91,52411863,0
03/19/2014,22:00,76.04,76.61,75.57,75.89,56188958,0
03/20/2014,22:00,75.70,76.10,75.34,75.53,52099537,0
03/21/2014,22:00,75.99,76.25,75.19,76.12,93612169,0
03/24/2014,22:00,76.91,77.21,76.44,77.03,88924871,0
03/25/2014,22:00,77.36,77.96,77.08,77.86,70573356,0
03/26/2014,22:00,78.07,78.43,76.98,77.11,74942224,0
03/27/2014,22:00,77.15,77.36,76.45,76.78,55507676,0
03/28/2014,22:00,76.90,76.99,76.32,76.69,50141063,0
03/31/2014,22:00,77.03,77.26,76.56,76.68,42167188,0
04/01/2014,22:00,76.82,77.41,76.68,77.38,50189685,0
04/02/2014,22:00,77.48,77.64,77.18,77.51,45104871,0
04/03/2014,22:00,77.34,77.50,76.81,76.97,40648111,0
04/04/2014,22:00,77.12,77.14,75.80,75.97,68812485,0
04/07/2014,22:00,75.43,75.84,74.56,74.78,72462530,0
04/08/2014,22:00,75.03,75.16,74.10,74.78,60971883,0
04/09/2014,22:00,74.66,75.78,74.57,75.76,51542722,0
04/10/2014,22:00,75.81,76.03,74.74,74.78,59912818,0
04/11/2014,22:00,74.14,74.69,73.88,74.23,67975012,0
04/14/2014,22:00,74.57,74.59,73.89,74.53,51445177,0
04/15/2014,22:00,74.32,74.52,73.05,73.99,66622577,0
04/16/2014,22:00,74.01,74.44,73.45,74.14,53732994,0
04/17/2014,22:00,74.29,75.39,74.17,74.99,71106721,0
04/21/2014,22:00,75.05,76.02,74.85,75.88,45668931,0
04/22/2014,22:00,75.47,75.98,75.21,75.96,50664453,0
04/23/2014,22:00,75.58,75.88,74.92,74.96,98735259,0
04/24/2014,22:00,81.17,81.43,80.10,81.11,189978082,0
04/25/2014,22:00,80.65,81.71,80.57,81.71,97568814,0
04/28/2014,22:00,81.83,85.11,81.79,84.87,167371680,0
04/29/2014,22:00,84.82,85.14,84.22,84.62,84344673,0
04/30/2014,22:00,84.66,85.63,84.26,84.30,114220883,0
05/01/2014,22:00,84.57,84.97,83.77,84.50,61052418,0
05/02/2014,22:00,84.62,84.89,84.24,84.65,47878572,0
05/05/2014,22:00,84.29,85.86,84.29,85.85,71766758,0
05/06/2014,22:00,85.97,86.34,84.92,84.92,93641373,0
05/07/2014,22:00,85.04,85.33,83.96,84.62,70715988,0
05/08/2014,22:00,84.09,84.92,83.77,84.00,57574363,0
05/09/2014,22:00,83.51,83.75,82.90,83.65,72899498,0
05/12/2014,22:00,83.93,84.81,83.91,84.69,53324677,0
05/13/2014,22:00,84.57,84.93,84.39,84.82,39934594,0
05/14/2014,22:00,84.64,85.34,84.53,84.84,41600846,0
05/15/2014,22:00,84.89,85.23,84.01,84.12,57711731,0
05/16/2014,22:00,84.09,85.36,83.63,85.36,69091834,0
05/19/2014,22:00,85.41,86.76,85.33,86.37,79439024,0
05/20/2014,22:00,86.36,86.63,85.82,86.39,58708986,0
05/21/2014,22:00,86.28,86.67,86.01,86.62,49249914,0
05/22/2014,22:00,86.66,87.12,86.30,86.75,50218945,0
05/23/2014,22:00,86.75,87.82,86.64,87.73,58052491,0
05/27/2014,22:00,87.95,89.41,87.95,89.38,87216605,0
05/28/2014,22:00,89.43,89.98,89.11,89.14,78921885,0
05/29/2014,22:00,89.69,90.98,89.68,90.77,94118633,0
05/30/2014,22:00,91.14,92.02,89.84,90.43,141005137,0
06/02/2014,22:00,90.57,90.69,88.93,89.81,92337903,0
06/03/2014,22:00,89.78,91.25,89.75,91.08,73231620,0
06/04/2014,22:00,91.03,92.56,90.87,92.12,83870521,0
06/05/2014,22:00,92.31,92.77,91.80,92.48,75951141,0
06/06/2014,22:00,92.84,93.04,92.07,92.22,87620911,0
06/09/2014,22:00,92.70,93.88,91.75,93.70,75414804,0
06/10/2014,22:00,94.73,95.05,93.57,94.25,62777042,0
06/11/2014,22:00,94.13,94.76,93.47,93.86,45681114,0
06/12/2014,22:00,94.04,94.12,91.90,92.29,54748791,0
06/13/2014,22:00,92.20,92.44,90.88,91.28,54525280,0
06/16/2014,22:00,91.51,92.75,91.45,92.20,35561270,0
06/17/2014,22:00,92.31,92.70,91.80,92.08,29726347,0
06/18/2014,22:00,92.27,92.29,91.35,92.18,33514108,0
06/19/2014,22:00,92.29,92.30,91.34,91.86,35527686,0
06/20/2014,22:00,91.85,92.55,90.90,90.91,100898066,0
06/23/2014,22:00,91.32,91.62,90.60,90.83,43694391,0
06/24/2014,22:00,90.75,91.74,90.19,90.28,39036087,0
06/25/2014,22:00,90.21,90.70,89.65,90.36,36868541,0
06/26/2014,22:00,90.37,91.05,89.80,90.90,32629359,0
06/27/2014,22:00,90.82,92.00,90.77,91.98,64028803,0
06/30/2014,22:00,92.10,93.72,92.09,92.93,49589028,0
07/01/2014,22:00,93.52,94.07,93.13,93.52,38223477,0
07/02/2014,22:00,93.86,94.06,93.09,93.48,28465073,0
07/03/2014,22:00,93.67,94.10,93.20,94.03,22451968,0
07/07/2014,22:00,94.14,95.99,94.10,95.97,56467939,0
07/08/2014,22:00,96.27,96.80,93.92,95.35,65221678,0
07/09/2014,22:00,95.44,95.95,94.76,95.39,36436440,0
07/10/2014,22:00,93.76,95.55,93.52,95.04,39685552,0
07/11/2014,22:00,95.36,95.89,94.86,95.22,34018228,0
07/14/2014,22:00,95.86,96.89,95.65,96.45,42810155,0
07/15/2014,22:00,96.80,96.85,95.03,95.32,45696176,0
07/16/2014,22:00,96.97,97.10,94.74,94.78,53502415,0
07/17/2014,22:00,95.03,95.28,92.57,93.09,57298243,0
07/18/2014,22:00,93.62,94.74,93.02,94.43,49987593,0
07/21/2014,22:00,94.99,95.00,93.72,93.94,39079002,0
07/22/2014,22:00,94.68,94.89,94.12,94.72,55196597,0
07/23/2014,22:00,95.42,97.88,95.17,97.19,92917719,0
07/24/2014,22:00,97.04,97.32,96.42,97.03,45728843,0
07/25/2014,22:00,96.85,97.84,96.64,97.67,43469117,0
07/28/2014,22:00,97.82,99.24,97.55,99.02,55317689,0
07/29/2014,22:00,99.33,99.44,98.25,98.38,43143095,0
07/30/2014,22:00,98.44,98.70,97.67,98.15,33010001,0
07/31/2014,22:00,97.16,97.45,95.33,95.60,56842647,0
08/01/2014,22:00,94.90,96.62,94.81,96.13,48511286,0
08/04/2014,22:00,96.37,96.58,95.17,95.59,39958144,0
08/05/2014,22:00,95.36,95.68,94.36,95.12,55932663,0
08/06/2014,22:00,94.75,95.48,94.71,94.96,38558342,0
08/07/2014,22:00,94.93,95.95,94.10,94.48,46711179,0
08/08/2014,22:00,94.26,94.82,93.28,94.74,41865193,0
08/11/2014,22:00,95.27,96.08,94.84,95.99,36584844,0
08/12/2014,22:00,96.20,96.88,95.61,95.97,33795352,0
08/13/2014,22:00,96.15,97.24,96.04,97.24,31916439,0
08/14/2014,22:00,97.33,97.57,96.80,97.50,28115566,0
08/15/2014,22:00,97.90,98.19,96.86,97.98,48951331,0
08/18/2014,22:00,98.49,99.37,97.98,99.16,47572413,0
08/19/2014,22:00,99.41,100.68,99.32,100.53,69399270,0
08/20/2014,22:00,100.44,101.09,99.95,100.57,52699192,0
08/21/2014,22:00,100.57,100.94,100.11,100.58,33478198,0
08/22/2014,22:00,100.29,101.47,100.19,101.32,44183834,0
08/25/2014,22:00,101.79,102.17,101.28,101.54,40270173,0
08/26/2014,22:00,101.42,101.50,100.86,100.89,33151984,0
08/27/2014,22:00,101.02,102.57,100.70,102.13,52369011,0
08/28/2014,22:00,101.59,102.78,101.56,102.25,68459801,0
08/29/2014,22:00,102.86,102.90,102.20,102.50,44595247,0
09/02/2014,22:00,103.06,103.74,102.72,103.30,53564262,0
09/03/2014,22:00,103.10,103.20,98.58,98.94,125420521,0
09/04/2014,22:00,98.85,100.09,97.79,98.12,85718221,0
09/05/2014,22:00,98.80,99.39,98.31,98.97,58457035,0
09/08/2014,22:00,99.30,99.31,98.05,98.36,46356742,0
09/09/2014,22:00,99.08,103.08,96.14,97.99,189846255,0
09/10/2014,22:00,98.01,101.11,97.76,101.00,100869587,0
09/11/2014,22:00,100.41,101.44,99.62,101.43,62399743,0
09/12/2014,22:00,101.21,102.19,101.08,101.66,64096903,0
09/15/2014,22:00,102.81,103.05,101.44,101.63,61316516,0
09/16/2014,22:00,99.80,101.26,98.89,100.86,66908133,0
09/17/2014,22:00,101.27,101.80,100.59,101.58,60926498,0
09/18/2014,22:00,102.05,102.35,101.56,101.79,37299435,0
09/19/2014,22:00,102.29,102.35,100.88,100.96,70902406,0
09/22/2014,22:00,101.80,102.14,100.58,101.06,52788426,0
09/23/2014,22:00,100.60,102.94,100.54,102.64,63402196,0
09/24/2014,22:00,102.16,102.85,101.20,101.75,60171828,0
09/25/2014,22:00,100.51,100.71,97.72,97.87,100091990,0
09/26/2014,22:00,98.53,100.75,98.40,100.75,62370501,0
09/29/2014,22:00,98.65,100.43,98.63,100.11,49766312,0
09/30/2014,22:00,100.81,101.54,100.53,100.75,55264139,0
10/01/2014,22:00,100.59,100.69,98.70,99.18,51491286,0
10/02/2014,22:00,99.27,100.22,98.04,99.90,47757828,0
10/03/2014,22:00,99.44,100.21,99.04,99.62,43469585,0
10/06/2014,22:00,99.95,100.65,99.42,99.62,37051182,0
10/07/2014,22:00,99.43,100.12,98.73,98.75,42094183,0
10/08/2014,22:00,98.76,101.11,98.31,100.80,57404674,0
10/09/2014,22:00,101.54,102.38,100.61,101.02,77376525,0
10/10/2014,22:00,100.69,102.03,100.30,100.73,66331592,0
10/13/2014,22:00,101.33,101.78,99.81,99.81,53583368,0
10/14/2014,22:00,100.39,100.52,98.57,98.75,63688562,0
10/15/2014,22:00,97.97,99.15,95.18,97.54,100933600,0
10/16/2014,22:00,95.55,97.72,95.41,96.26,72154523,0
10/17/2014,22:00,97.50,99.00,96.81,97.67,68179688,0
10/20/2014,22:00,98.34,99.96,98.22,99.76,77517279,0
10/21/2014,22:00,103.02,103.02,101.27,102.47,94623904,0
10/22/2014,22:00,102.84,104.11,102.60,102.99,68263146,0
10/23/2014,22:00,104.08,105.05,103.63,104.83,71074674,0
10/24/2014,22:00,105.18,105.49,104.53,105.22,47053916,0
10/27/2014,22:00,104.85,105.48,104.70,105.11,34187701,0
10/28/2014,22:00,105.40,106.74,105.35,106.74,48060949,0
10/29/2014,22:00,106.65,107.37,106.36,107.34,52687879,0
10/30/2014,22:00,106.96,107.35,105.90,106.98,40654793,0
10/31/2014,22:00,108.01,108.04,107.21,108.00,44639285,0
11/03/2014,22:00,108.20,109.90,108.01,109.40,52282550,0
11/04/2014,22:00,109.36,109.49,107.72,108.60,41574365,0
11/05/2014,22:00,109.10,109.30,108.13,108.86,37435905,0
11/06/2014,22:00,108.62,108.79,107.80,108.70,34968457,0
11/07/2014,22:00,108.75,109.32,108.55,109.01,33691535,0
11/10/2014,22:00,109.02,109.33,108.67,108.83,27195547,0
11/11/2014,22:00,108.70,109.75,108.40,109.70,27442252,0
11/12/2014,22:00,109.38,111.43,109.37,111.25,46942431,0
11/13/2014,22:00,111.80,113.45,111.60,112.82,59522855,0
11/14/2014,22:00,113.15,114.19,113.05,114.18,44063595,0
11/17/2014,22:00,114.27,115.09,113.30,113.99,46746712,0
11/18/2014,22:00,113.94,115.69,113.89,115.47,44223978,0
11/19/2014,22:00,115.44,115.74,113.80,114.67,41869160,0
11/20/2014,22:00,114.91,116.86,114.85,116.31,43395537,0
11/21/2014,22:00,117.51,117.57,116.03,116.47,57179298,0
11/24/2014,22:00,116.85,118.77,116.62,118.63,47450824,0
11/25/2014,22:00,119.07,119.75,117.45,117.60,68840440,0
11/26/2014,22:00,117.94,119.10,117.83,119.00,40831886,0
11/28/2014,22:00,119.27,119.40,118.05,118.93,24352990,0
12/01/2014,22:00,118.81,119.25,111.27,115.07,83814037,0
12/02/2014,22:00,113.50,115.75,112.75,114.63,59348940,0
12/03/2014,22:00,115.75,116.35,115.11,115.93,43063440,0
12/04/2014,22:00,115.77,117.20,115.29,115.49,42155776,0
12/05/2014,22:00,115.99,116.08,114.64,115.00,38318895,0
12/08/2014,22:00,114.10,114.65,111.62,112.40,57664850,0
12/09/2014,22:00,110.19,114.30,109.35,114.12,60208036,0
12/10/2014,22:00,114.39,114.85,111.54,111.95,44565318,0
12/11/2014,22:00,112.26,113.80,111.34,111.62,41471578,0
12/12/2014,22:00,110.46,111.87,109.58,109.73,56028138,0
12/15/2014,22:00,110.70,111.60,106.35,108.22,67218082,0
12/16/2014,22:00,106.37,110.16,106.26,106.75,60790733,0
12/17/2014,22:00,107.12,109.84,106.82,109.41,53411773,0
12/18/2014,22:00,111.87,112.65,110.66,112.65,59006218,0
12/19/2014,22:00,112.26,113.24,111.66,111.78,88429770,0
12/22/2014,22:00,112.16,113.49,111.97,112.94,45167549,0
12/23/2014,22:00,113.23,113.33,112.46,112.54,26028419,0
12/24/2014,22:00,112.58,112.71,112.01,112.01,14530982,0
12/26/2014,22:00,112.10,114.52,112.01,113.99,33720951,0
12/29/2014,22:00,113.79,114.77,113.70,113.91,27598920,0
12/30/2014,22:00,113.64,113.92,112.11,112.52,29881477,0
12/31/2014,22:00,112.82,113.13,110.21,110.38,41403351,0
01/02/2015,22:00,111.39,111.44,107.35,109.33,53204626,0
01/05/2015,22:00,108.29,108.65,105.41,106.25,64285491,0
01/06/2015,22:00,106.54,107.43,104.63,106.26,65797116,0
01/07/2015,22:00,107.20,108.20,106.69,107.75,40105934,0
01/08/2015,22:00,109.23,112.15,108.70,111.89,59364547,0
01/09/2015,22:00,112.67,113.25,110.21,112.01,53699527,0
01/12/2015,22:00,112.60,112.63,108.80,109.25,49650790,0
01/13/2015,22:00,111.43,112.80,108.91,110.22,67091928,0
01/14/2015,22:00,109.04,110.49,108.50,109.80,48956588,0
01/15/2015,22:00,110.00,110.06,106.66,106.82,60013996,0
01/16/2015,22:00,107.03,107.58,105.20,105.99,78513345,0
01/20/2015,22:00,107.84,108.97,106.50,108.72,49899907,0
01/21/2015,22:00,108.95,111.06,108.27,109.55,48575897,0
01/22/2015,22:00,110.26,112.47,109.72,112.40,53796409,0
01/23/2015,22:00,112.30,113.75,111.53,112.98,46464828,0
01/26/2015,22:00,113.74,114.36,112.80,113.10,55614979,0
01/27/2015,22:00,112.42,112.48,109.03,109.14,95568749,0
01/28/2015,22:00,117.63,118.12,115.31,115.31,146477063,0
01/29/2015,22:00,116.32,119.19,115.56,118.90,84436432,0
01/30/2015,22:00,118.40,120.00,116.85,117.16,83745461,0
02/02/2015,22:00,118.05,119.17,116.08,118.63,62739100,0
02/03/2015,22:00,118.50,119.09,117.61,118.65,51915749,0
02/04/2015,22:00,118.50,120.51,118.31,119.56,70149743,0
02/05/2015,22:00,120.02,120.23,119.25,119.94,42246245,0
02/06/2015,22:00,120.02,120.25,118.45,118.93,43706567,0
02/09/2015,22:00,118.55,119.84,118.43,119.72,38889797,0
02/10/2015,22:00,120.17,122.15,120.16,122.02,62008506,0
02/11/2015,22:00,122.77,124.92,122.50,124.88,73561797,0
02/12/2015,22:00,126.06,127.48,125.57,126.46,74474466,0
02/13/2015,22:00,127.28,127.28,125.65,127.08,54272219,0
02/17/2015,22:00,127.49,128.88,126.92,127.83,63152405,0
02/18/2015,22:00,127.63,128.78,127.45,128.71,44891737,0
02/19/2015,22:00,128.48,129.03,128.33,128.45,37362381,0
02/20/2015,22:00,128.62,129.50,128.05,129.49,48948419,0
02/23/2015,22:00,130.02,133.00,129.66,133.00,70974110,0
02/24/2015,22:00,132.94,133.60,131.17,132.17,69228130,0
02/25/2015,22:00,131.56,131.60,128.15,128.79,74711746,0
02/26/2015,22:00,128.79,130.87,126.61,130.41,91287529,0
02/27/2015,22:00,130.00,130.57,128.24,128.46,62014847,0
03/02/2015,22:00,129.25,130.28,128.30,129.09,48096663,0
03/03/2015,22:00,128.96,129.52,128.09,129.36,37816283,0
03/04/2015,22:00,129.10,129.56,128.32,128.54,31666340,0
03/05/2015,22:00,128.58,128.75,125.76,126.41,56517146,0
03/06/2015,22:00,128.40,129.37,126.26,126.60,72842060,0
03/09/2015,22:00,127.96,129.57,125.06,127.14,88528487,0
03/10/2015,22:00,126.41,127.22,123.80,124.51,68856582,0
03/11/2015,22:00,124.75,124.77,122.11,122.24,68938974,0
03/12/2015,22:00,122.31,124.90,121.63,124.45,48362719,0
03/13/2015,22:00,124.40,125.40,122.58,123.59,51827283,0
03/16/2015,22:00,123.88,124.95,122.87,124.95,35874300,0
03/17/2015,22:00,125.90,127.32,125.65,127.04,51023104,0
03/18/2015,22:00,127.00,129.16,126.37,128.47,65270945,0
03/19/2015,22:00,128.75,129.25,127.40,127.50,45809490,0
03/20/2015,22:00,128.25,128.40,125.16,125.90,68695136,0
03/23/2015,22:00,127.12,127.85,126.52,127.21,37709674,0
03/24/2015,22:00,127.23,128.04,126.56,126.69,32842304,0
03/25/2015,22:00,126.54,126.82,123.38,123.38,51655177,0
03/26/2015,22:00,122.76,124.88,122.60,124.24,47572869,0
03/27/2015,22:00,124.57,124.70,122.91,123.25,39546151,0
03/30/2015,22:00,124.05,126.40,124.00,126.37,47099670,0
03/31/2015,22:00,126.09,126.49,124.36,124.43,42090553,0
04/01/2015,22:00,124.82,125.12,123.10,124.25,40621437,0
04/02/2015,22:00,125.03,125.56,124.19,125.32,32220131,0
04/06/2015,22:00,124.47,127.51,124.33,127.35,37193975,0
04/07/2015,22:00,127.64,128.12,125.98,126.01,35012268,0
04/08/2015,22:00,125.85,126.40,124.97,125.60,37329243,0
04/09/2015,22:00,125.85,126.58,124.66,126.56,32483974,0
04/10/2015,22:00,125.95,127.21,125.26,127.10,40187953,0
04/13/2015,22:00,128.37,128.57,126.61,126.85,36365123,0
04/14/2015,22:00,127.00,127.29,125.91,126.30,25524593,0
04/15/2015,22:00,126.41,127.13,126.01,126.78,28970419,0
04/16/2015,22:00,126.28,127.10,126.11,126.17,28368987,0
04/17/2015,22:00,125.55,126.14,124.46,124.75,51957046,0
04/20/2015,22:00,125.57,128.12,125.17,127.60,47054310,0
04/21/2015,22:00,128.10,128.20,126.67,126.91,32435057,0
04/22/2015,22:00,126.99,128.87,126.32,128.62,37654505,0
04/23/2015,22:00,128.30,130.42,128.14,129.67,45770902,0
04/24/2015,22:00,130.49,130.63,129.23,130.28,44525905,0
04/27/2015,22:00,132.31,133.13,131.15,132.65,96954207,0
04/28/2015,22:00,134.46,134.54,129.57,130.56,118923970,0
04/29/2015,22:00,130.16,131.59,128.30,128.64,63386083,0
04/30/2015,22:00,127.50,127.88,124.58,125.15,83195423,0
05/01/2015,22:00,126.10,130.13,125.30,128.95,58512638,0
05/04/2015,22:00,129.50,130.57,128.26,128.70,50988278,0
05/05/2015,22:00,128.15,128.45,125.78,125.80,49271416,0
05/06/2015,22:00,126.56,126.75,123.36,125.01,72141010,0
05/07/2015,22:00,124.77,126.08,124.02,125.26,43940895,0
05/08/2015,22:00,126.68,127.62,126.11,127.62,55550382,0
05/11/2015,22:00,127.39,127.56,125.63,126.32,42035757,0
05/12/2015,22:00,125.60,126.88,124.82,125.86,48160032,0
05/13/2015,22:00,126.15,127.19,125.87,126.01,34694235,0
05/14/2015,22:00,127.41,128.95,127.16,128.95,45203456,0
05/15/2015,22:00,129.07,129.49,128.21,128.77,38208034,0
05/18/2015,22:00,128.38,130.72,128.36,130.19,50882918,0
05/19/2015,22:00,130.69,130.88,129.64,130.07,44633240,0
05/20/2015,22:00,130.00,130.98,129.34,130.06,36454932,0
05/21/2015,22:00,130.07,131.63,129.83,131.39,39730364,0
05/22/2015,22:00,131.60,132.97,131.40,132.54,45595972,0
05/26/2015,22:00,132.60,132.91,129.12,129.62,70697560,0
05/27/2015,22:00,130.32,132.26,130.05,132.04,45833246,0
05/28/2015,22:00,131.86,131.95,131.10,131.78,30733309,0
05/29/2015,22:00,131.23,131.45,129.90,130.28,50884452,0
06/01/2015,22:00,131.20,131.39,130.05,130.54,32112797,0
06/02/2015,22:00,129.86,130.65,129.32,129.96,33667627,0
06/03/2015,22:00,130.66,130.94,129.90,130.12,30983542,0
06/04/2015,22:00,129.58,130.58,128.91,129.36,38450118,0
06/05/2015,22:00,129.50,129.69,128.36,128.65,35626800,0
06/08/2015,22:00,128.90,129.21,126.83,127.80,52674786,0
06/09/2015,22:00,126.70,128.08,125.62,127.42,56075420,0
06/10/2015,22:00,127.92,129.34,127.85,128.88,39087250,0
06/11/2015,22:00,129.18,130.18,128.48,128.59,35390887,0
06/12/2015,22:00,128.18,128.33,127.11,127.17,36886246,0
06/15/2015,22:00,126.10,127.24,125.71,126.92,43988946,0
06/16/2015,22:00,127.03,127.85,126.37,127.60,31494131,0
06/17/2015,22:00,127.72,127.88,126.74,127.30,32918071,0
06/18/2015,22:00,127.23,128.31,127.22,127.88,35407220,0
06/19/2015,22:00,127.71,127.82,126.40,126.60,54716887,0
06/22/2015,22:00,127.49,128.06,127.08,127.61,34039345,0
06/23/2015,22:00,127.48,127.61,126.88,127.03,30268863,0
06/24/2015,22:00,127.21,129.80,127.12,128.11,55280855,0
06/25/2015,22:00,128.86,129.20,127.50,127.50,31938100,0
06/26/2015,22:00,127.67,127.99,126.51,126.75,44066841,0
06/29/2015,22:00,125.46,126.47,124.48,124.53,49161427,0
06/30/2015,22:00,125.57,126.12,124.86,125.43,44370682,0
07/01/2015,22:00,126.90,126.94,125.99,126.60,30238811,0
07/02/2015,22:00,126.43,126.69,125.77,126.44,27210952,0
07/06/2015,22:00,124.94,126.23,124.85,126.00,28060431,0
07/07/2015,22:00,125.89,126.15,123.77,125.69,46946811,0
07/08/2015,22:00,124.48,124.64,122.54,122.57,60761614,0
07/09/2015,22:00,123.85,124.06,119.22,120.07,78595038,0
07/10/2015,22:00,121.94,123.85,121.21,123.28,61354474,0
07/13/2015,22:00,124.88,125.75,124.32,125.66,41440538,0
07/14/2015,22:00,126.04,126.37,125.04,125.61,31768139,0
07/15/2015,22:00,125.72,127.15,125.58,126.82,33649200,0
07/16/2015,22:00,127.74,128.57,127.35,128.51,36222447,0
07/17/2015,22:00,129.08,129.62,128.31,129.62,46164710,0
07/20/2015,22:00,130.97,132.97,130.70,132.07,58900203,0
07/21/2015,22:00,132.85,132.92,130.32,130.75,76756427,0
07/22/2015,22:00,121.99,125.50,121.99,125.22,115450607,0
07/23/2015,22:00,126.20,127.09,125.06,125.16,50999452,0
07/24/2015,22:00,125.32,125.74,123.90,124.50,42162332,0
07/27/2015,22:00,123.09,123.61,122.12,122.77,44455540,0
07/28/2015,22:00,123.38,123.91,122.55,123.38,33618097,0
07/29/2015,22:00,123.17,123.50,122.27,122.99,37011653,0
07/30/2015,22:00,122.32,122.57,121.71,122.37,33628268,0
07/31/2015,22:00,122.60,122.64,120.91,121.30,42884953,0
08/03/2015,22:00,121.50,122.57,117.52,118.44,69975968,0
08/04/2015,22:00,117.42,117.70,113.25,114.64,124138623,0
08/05/2015,22:00,112.95,117.44,112.10,115.40,99312613,0
08/06/2015,22:00,115.97,116.50,114.11,115.13,52903040,0
08/07/2015,22:00,114.58,116.25,114.50,115.52,38670405,0
08/10/2015,22:00,116.53,119.99,116.53,119.72,54951597,0
08/11/2015,22:00,117.81,118.18,113.33,113.49,97082814,0
08/12/2015,22:00,112.53,115.42,109.63,115.24,101685610,0
08/13/2015,22:00,116.04,116.40,114.54,115.15,48535789,0
08/14/2015,22:00,114.32,116.31,114.01,115.96,42929516,0
08/17/2015,22:00,116.04,117.65,115.50,117.16,40884745,0
08/18/2015,22:00,116.43,117.44,116.01,116.50,34560708,0
08/19/2015,22:00,116.07,116.52,114.68,115.01,48286510,0
08/20/2015,22:00,114.08,114.35,111.63,112.65,68501622,0
08/21/2015,22:00,110.43,111.90,105.64,105.76,128275471,0
08/24/2015,22:00,95.12,108.80,92.00,103.12,162206292,0
08/25/2015,22:00,111.11,111.11,103.50,103.74,103601599,0
08/26/2015,22:00,107.08,109.89,105.05,109.69,96774611,0
08/27/2015,22:00,112.23,113.24,110.02,112.92,84616056,0
08/28/2015,22:00,112.17,113.31,111.54,113.29,53164407,0
08/31/2015,22:00,112.03,114.53,112.00,112.76,56229271,0
09/01/2015,22:00,110.15,111.88,107.36,107.72,76845860,0
09/02/2015,22:00,110.23,112.34,109.13,112.34,61888812,0
09/03/2015,22:00,112.49,112.78,110.04,110.37,53233940,0
09/04/2015,22:00,108.97,110.45,108.51,109.27,49996311,0
09/08/2015,22:00,111.65,112.56,110.32,112.31,54843626,0
09/09/2015,22:00,113.78,114.02,109.77,110.15,85010804,0
09/10/2015,22:00,110.27,113.28,109.90,112.57,62892831,0
09/11/2015,22:00,111.79,114.21,111.76,114.21,49915473,0
09/14/2015,22:00,116.58,116.89,114.86,115.31,58363431,0
09/15/2015,22:00,115.93,116.53,114.42,116.28,43341155,0
09/16/2015,22:00,116.25,116.54,115.44,116.41,37173489,0
09/17/2015,22:00,115.66,116.49,113.71,113.92,64112641,0
09/18/2015,22:00,112.21,114.30,111.87,113.45,74285291,0
09/21/2015,22:00,113.67,115.37,113.66,115.21,50221965,0
09/22/2015,22:00,113.38,114.18,112.52,113.40,50346159,0
09/23/2015,22:00,113.63,114.72,113.30,114.32,35756716,0
09/24/2015,22:00,113.25,115.50,112.37,115.00,50219475,0
09/25/2015,22:00,116.44,116.69,114.02,114.71,56151926,0
09/28/2015,22:00,113.85,114.57,112.44,112.44,52109011,0
09/29/2015,22:00,112.83,113.51,107.86,109.06,73365384,0
09/30/2015,22:00,110.17,111.54,108.73,110.30,66473033,0
10/01/2015,22:00,109.07,109.62,107.31,109.58,63929100,0
10/02/2015,22:00,108.01,111.01,107.55,110.38,58019758,0
10/05/2015,22:00,109.88,111.37,109.07,110.78,52064743,0
10/06/2015,22:00,110.63,111.74,109.76,111.31,48856977,0
10/07/2015,22:00,111.74,111.77,109.41,110.78,46765550,0
10/08/2015,22:00,110.19,110.19,108.21,109.50,61979577,0
10/09/2015,22:00,110.00,112.28,109.49,112.12,52766140,0
10/12/2015,22:00,112.73,112.75,111.44,111.60,30467204,0
10/13/2015,22:00,110.82,112.45,110.68,111.79,33049256,0
10/14/2015,22:00,111.29,111.52,109.56,110.21,44462449,0
10/15/2015,22:00,110.93,112.10,110.49,111.86,37673452,0
10/16/2015,22:00,111.78,112.00,110.53,111.04,39232609,0
10/19/2015,22:00,110.80,111.75,110.11,111.73,29759153,0
10/20/2015,22:00,111.34,114.17,110.82,113.77,48967763,0
10/21/2015,22:00,114.00,115.58,113.70,113.76,42326974,0
10/22/2015,22:00,114.33,115.50,114.10,115.50,41654089,0
10/23/2015,22:00,116.70,119.23,116.33,119.08,59366914,0
10/26/2015,22:00,118.08,118.13,114.92,115.28,66333781,0
10/27/2015,22:00,115.40,116.54,113.99,114.55,69884400,0
10/28/2015,22:00,116.93,119.30,116.06,119.27,85551352,0
10/29/2015,22:00,118.70,120.69,118.27,120.53,51227334,0
10/30/2015,22:00,120.99,121.22,119.45,119.50,49365254,0
11/02/2015,22:00,119.87,121.36,119.61,121.18,32203267,0
11/03/2015,22:00,120.79,123.49,120.70,122.57,45518976,0
11/04/2015,22:00,123.13,123.82,121.62,122.00,44886050,0
11/05/2015,22:00,121.85,122.69,120.18,120.92,39552680,0
11/06/2015,22:00,121.11,121.81,120.62,121.06,33042283,0
11/09/2015,22:00,120.96,121.81,120.05,120.57,33871405,0
11/10/2015,22:00,116.90,118.07,116.06,116.77,59127931,0
11/11/2015,22:00,116.37,117.42,115.21,116.11,45217971,0
11/12/2015,22:00,116.26,116.82,115.65,115.72,32525579,0
11/13/2015,22:00,115.20,115.57,112.27,112.34,45812403,0
11/16/2015,22:00,111.38,114.24,111.00,114.18,38106701,0
11/17/2015,22:00,114.92,115.05,113.32,113.69,27616939,0
11/18/2015,22:00,115.76,117.49,115.50,117.29,46674697,0
11/19/2015,22:00,117.64,119.75,116.76,118.78,43295820,0
11/20/2015,22:00,119.20,119.92,118.85,119.30,34287096,0
11/23/2015,22:00,119.27,119.73,117.34,117.75,32482528,0
11/24/2015,22:00,117.33,119.35,117.12,118.88,42803172,0
11/25/2015,22:00,119.21,119.23,117.92,118.03,21388308,0
11/27/2015,22:00,118.29,118.41,117.60,117.81,13046445,0
11/30/2015,22:00,117.99,119.41,117.75,118.30,39180322,0
12/01/2015,22:00,118.75,118.81,116.86,117.34,34852374,0
12/02/2015,22:00,117.05,118.11,116.08,116.28,33386563,0
12/03/2015,22:00,116.55,116.79,114.22,115.20,41569509,0
12/04/2015,22:00,115.29,119.25,115.11,119.03,57776977,0
12/07/2015,22:00,118.98,119.86,117.81,118.28,32084249,0
12/08/2015,22:00,117.52,118.60,116.86,118.23,34309450,0
12/09/2015,22:00,117.64,117.69,115.08,115.62,46361357,0
12/10/2015,22:00,116.04,116.94,115.51,116.17,29212727,0
12/11/2015,22:00,115.19,115.39,112.85,113.18,46886161,0
12/14/2015,22:00,112.00,112.68,109.79,112.48,65003609,0
12/15/2015,22:00,111.94,112.80,110.35,110.49,53323105,0
12/16/2015,22:00,111.07,111.99,108.80,111.34,56238467,0
12/17/2015,22:00,112.02,112.25,108.98,108.98,44772827,0
12/18/2015,22:00,108.91,109.52,105.81,106.03,96453327,0
12/21/2015,22:00,107.28,107.37,105.57,107.33,47590610,0
12/22/2015,22:00,107.40,107.72,106.45,107.23,32789367,0
12/23/2015,22:00,107.27,108.85,107.20,108.61,32657354,0
12/24/2015,22:00,109.00,109.00,107.95,108.03,13596680,0
12/28/2015,22:00,107.59,107.69,106.18,106.82,26704210,0
12/29/2015,22:00,106.96,109.43,106.86,108.74,30931243,0
12/30/2015,22:00,108.58,108.70,107.18,107.32,25213777,0
12/31/2015,22:00,107.01,107.03,104.82,105.26,40912316,0
01/04/2016,22:00,102.61,105.37,102.00,105.35,67649387,0
01/05/2016,22:00,105.75,105.85,102.41,102.71,55790992,0
01/06/2016,22:00,100.56,102.37,99.87,100.70,68457388,0
01/07/2016,22:00,98.68,100.13,96.43,96.45,81094428,0
01/08/2016,22:00,98.55,99.11,96.76,96.96,70798016,0
01/11/2016,22:00,98.97,99.06,97.34,98.53,49739377,0
01/12/2016,22:00,100.55,100.69,98.84,99.96,49154227,0
01/13/2016,22:00,100.32,101.19,97.30,97.39,62439631,0
01/14/2016,22:00,97.96,100.48,95.74,99.52,63170127,0
01/15/2016,22:00,96.20,97.71,95.36,97.13,79833891,0
01/19/2016,22:00,98.41,98.65,95.50,96.66,53087747,0
01/20/2016,22:00,95.10,98.19,93.42,96.79,72334416,0
01/21/2016,22:00,97.06,97.88,94.94,96.30,52161463,0
01/22/2016,22:00,98.57,101.46,98.37,101.42,65800467,0
01/25/2016,22:00,101.52,101.53,99.21,99.44,51794525,0
01/26/2016,22:00,99.93,100.88,98.07,99.99,75077002,0
01/27/2016,22:00,96.04,96.63,93.34,93.42,133369674,0
01/28/2016,22:00,93.79,94.52,92.39,94.09,55678825,0
01/29/2016,22:00,94.79,97.34,94.35,97.34,64416504,0
02/01/2016,22:00,96.47,96.71,95.40,96.43,40943541,0
02/02/2016,22:00,95.42,96.04,94.28,94.48,37357215,0
02/03/2016,22:00,95.00,96.84,94.08,96.35,45964294,0
02/04/2016,22:00,95.86,97.33,95.19,96.60,46471652,0
02/05/2016,22:00,96.52,96.92,93.69,94.02,46418064,0
02/08/2016,22:00,93.13,95.70,93.04,95.01,54021375,0
02/09/2016,22:00,94.29,95.94,93.93,94.99,44331195,0
02/10/2016,22:00,95.92,96.35,94.10,94.27,42343601,0
02/11/2016,22:00,93.79,94.72,92.59,93.70,50074711,0
02/12/2016,22:00,94.19,94.50,93.01,93.99,40351381,0
02/16/2016,22:00,95.02,96.85,94.61,96.64,49057916,0
02/17/2016,22:00,96.67,98.21,96.15,98.12,44863243,0
02/18/2016,22:00,98.84,98.89,96.09,96.26,39020983,0
02/19/2016,22:00,96.00,96.76,95.80,96.04,35374173,0
02/22/2016,22:00,96.31,96.90,95.92,96.88,34280758,0
02/23/2016,22:00,96.40,96.50,94.55,94.69,31942633,0
02/24/2016,22:00,93.98,96.38,93.32,96.10,36255745,0
02/25/2016,22:00,96.05,96.76,95.25,96.76,27582659,0
02/26/2016,22:00,97.20,98.02,96.58,96.91,28991131,0
02/29/2016,22:00,96.86,98.23,96.65,96.69,35216277,0
03/01/2016,22:00,97.65,100.77,97.42,100.53,50407147,0
03/02/2016,22:00,100.51,100.89,99.64,100.75,33169560,0
03/03/2016,22:00,100.58,101.71,100.45,101.50,36955742,0
03/04/2016,22:00,102.37,103.75,101.37,103.01,46055100,0
03/07/2016,22:00,102.39,102.83,100.96,101.87,35915810,0
03/08/2016,22:00,100.78,101.76,100.40,101.03,31561889,0
03/09/2016,22:00,101.31,101.58,100.27,101.12,27201683,0
03/10/2016,22:00,101.41,102.24,100.15,101.17,33513577,0
03/11/2016,22:00,102.24,102.28,101.50,102.26,27408237,0
03/14/2016,22:00,101.91,102.91,101.78,102.52,25076062,0
03/15/2016,22:00,103.96,105.18,103.85,104.58,40067734,0
03/16/2016,22:00,104.61,106.31,104.59,105.97,38303493,0
03/17/2016,22:00,105.52,106.47,104.96,105.80,34420705,0
03/18/2016,22:00,106.34,106.50,105.19,105.92,44205171,0
03/21/2016,22:00,105.93,107.65,105.14,105.91,35502678,0
03/22/2016,22:00,105.25,107.29,105.21,106.72,32444375,0
03/23/2016,22:00,106.48,107.07,105.90,106.13,25703495,0
03/24/2016,22:00,105.47,106.25,104.89,105.67,26132955,0
03/28/2016,22:00,106.00,106.19,105.06,105.19,19411372,0
03/29/2016,22:00,104.89,107.79,104.88,107.68,31190083,0
03/30/2016,22:00,108.65,110.42,108.60,109.56,45601149,0
03/31/2016,22:00,109.72,109.90,108.88,108.99,25888449,0
04/01/2016,22:00,108.78,110.00,108.20,109.99,25873950,0
04/04/2016,22:00,110.42,112.19,110.27,111.12,37356204,0
04/05/2016,22:00,109.51,110.73,109.42,109.81,26578652,0
04/06/2016,22:00,110.23,110.98,109.20,110.96,26404077,0
04/07/2016,22:00,109.95,110.42,108.12,108.54,31801870,0
04/08/2016,22:00,108.91,109.77,108.17,108.66,23581740,0
04/11/2016,22:00,108.97,110.61,108.83,109.02,29407518,0
04/12/2016,22:00,109.34,110.50,108.66,110.44,27232325,0
04/13/2016,22:00,110.80,112.34,110.80,112.04,33257316,0
04/14/2016,22:00,111.62,112.39,111.33,112.10,25473923,0
04/15/2016,22:00,112.11,112.30,109.73,109.85,46938969,0
04/18/2016,22:00,108.89,108.95,106.94,107.48,60821461,0
04/19/2016,22:00,107.88,108.00,106.23,106.91,32384879,0
04/20/2016,22:00,106.64,108.09,106.06,107.13,30611030,0
04/21/2016,22:00,106.93,106.93,105.52,105.97,31552525,0
04/22/2016,22:00,105.01,106.48,104.62,105.68,33683121,0
04/25/2016,22:00,105.00,105.65,104.51,105.08,28031588,0
04/26/2016,22:00,103.91,105.30,103.91,104.35,56016165,0
04/27/2016,22:00,96.00,98.71,95.68,97.82,114602142,0
04/28/2016,22:00,97.61,97.88,94.25,94.83,82242690,0
04/29/2016,22:00,93.99,94.72,92.51,93.74,68531478,0
05/02/2016,22:00,93.96,94.08,92.40,93.64,48160104,0
05/03/2016,22:00,94.20,95.74,93.68,95.18,56831277,0
05/04/2016,22:00,95.20,95.90,93.82,94.19,41025475,0
05/05/2016,22:00,94.00,94.07,92.68,93.24,35890500,0
05/06/2016,22:00,93.37,93.45,91.85,92.72,43699886,0
05/09/2016,22:00,93.00,93.77,92.59,92.79,32936436,0
05/10/2016,22:00,93.33,93.57,92.11,93.42,33686836,0
05/11/2016,22:00,93.48,93.57,92.46,92.51,28719109,0
05/12/2016,22:00,92.72,92.78,89.47,90.34,76314690,0
05/13/2016,22:00,90.00,91.67,90.00,90.52,44392765,0
05/16/2016,22:00,92.39,94.39,91.65,93.88,61259756,0
05/17/2016,22:00,94.55,94.70,93.01,93.49,46916939,0
05/18/2016,22:00,94.16,95.21,93.89,94.56,42062391,0
05/19/2016,22:00,94.64,94.64,93.57,94.20,30442100,0
05/20/2016,22:00,94.64,95.43,94.52,95.22,32025968,0
05/23/2016,22:00,95.87,97.19,95.67,96.43,38018643,0
05/24/2016,22:00,97.22,98.09,96.84,97.90,35140174,0
05/25/2016,22:00,98.56,99.74,98.11,99.62,38642108,0
05/26/2016,22:00,99.68,100.73,98.64,100.41,56331159,0
05/27/2016,22:00,99.44,100.47,99.25,100.35,36341240,0
05/31/2016,22:00,99.60,100.40,98.82,99.86,42307212,0
06/01/2016,22:00,99.02,99.54,98.33,98.46,29173285,0
06/02/2016,22:00,97.60,97.84,96.63,97.72,40191600,0
06/03/2016,22:00,97.79,98.27,97.45,97.92,28504888,0
06/06/2016,22:00,97.99,99.14,97.55,98.63,23292504,0
06/07/2016,22:00,99.25,99.87,98.96,99.03,22409450,0
06/08/2016,22:00,99.02,99.56,98.68,98.94,20848131,0
06/09/2016,22:00,98.50,99.99,98.46,99.65,26601354,0
06/10/2016,22:00,98.53,99.35,98.48,98.83,31712936,0
06/13/2016,22:00,98.69,99.12,97.10,97.34,38020494,0
06/14/2016,22:00,97.32,98.47,96.75,97.46,31931944,0
06/15/2016,22:00,97.82,98.41,97.03,97.14,29445227,0
06/16/2016,22:00,96.45,97.75,96.07,97.55,31326815,0
06/17/2016,22:00,96.62,96.65,95.30,95.33,61008219,0
06/20/2016,22:00,96.00,96.57,95.03,95.10,34411901,0
06/21/2016,22:00,94.94,96.35,94.68,95.91,35546358,0
06/22/2016,22:00,96.25,96.89,95.35,95.55,29219122,0
06/23/2016,22:00,95.94,96.29,95.25,96.10,32240187,0
06/24/2016,22:00,92.91,94.65,92.65,93.40,75311356,0
06/27/2016,22:00,93.00,93.05,91.50,92.04,46622188,0
06/28/2016,22:00,92.90,93.66,92.14,93.59,40444914,0
06/29/2016,22:00,93.97,94.55,93.63,94.40,36531006,0
06/30/2016,22:00,94.44,95.77,94.30,95.60,35836356,0
07/01/2016,22:00,95.49,96.46,95.33,95.89,26026540,0
07/05/2016,22:00,95.39,95.40,94.46,94.99,27705210,0
07/06/2016,22:00,94.60,95.66,94.37,95.53,30949090,0
07/07/2016,22:00,95.70,96.50,95.62,95.94,25139558,0
07/08/2016,22:00,96.49,96.89,96.05,96.68,28912103,0
07/11/2016,22:00,96.75,97.65,96.73,96.98,23794945,0
07/12/2016,22:00,97.17,97.70,97.12,97.42,24167463,0
07/13/2016,22:00,97.41,97.67,96.84,96.87,25892171,0
07/14/2016,22:00,97.39,98.99,97.32,98.79,38918997,0
07/15/2016,22:00,98.92,99.30,98.50,98.78,30136990,0
07/18/2016,22:00,98.70,100.13,98.60,99.83,36493867,0
07/19/2016,22:00,99.56,100.00,99.34,99.87,23779924,0
07/20/2016,22:00,100.00,100.46,99.74,99.96,26275968,0
07/21/2016,22:00,99.83,101.00,99.13,99.43,32702028,0
07/22/2016,22:00,99.26,99.30,98.31,98.66,28313669,0
07/25/2016,22:00,98.25,98.84,96.92,97.34,40382921,0
07/26/2016,22:00,96.82,97.97,96.42,96.67,56239822,0
07/27/2016,22:00,104.26,104.35,102.75,102.95,92344820,0
07/28/2016,22:00,102.83,104.45,102.82,104.34,39869839,0
07/29/2016,22:00,104.19,104.55,103.68,104.21,27733688,0
08/01/2016,22:00,104.41,106.15,104.41,106.05,38167871,0
08/02/2016,22:00,105.63,106.07,104.00,104.48,33816556,0
08/03/2016,22:00,104.81,105.84,104.77,105.79,30202641,0
08/04/2016,22:00,105.58,106.00,105.28,105.87,27408650,0
08/05/2016,22:00,106.27,107.65,106.18,107.48,40553402,0
08/08/2016,22:00,107.52,108.37,107.16,108.37,28037220,0
08/09/2016,22:00,108.23,108.94,108.01,108.81,26315204,0
08/10/2016,22:00,108.71,108.90,107.76,108.00,24008505,0
08/11/2016,22:00,108.52,108.93,107.85,107.93,27484506,0
08/12/2016,22:00,107.78,108.44,107.78,108.18,18660434,0
08/15/2016,22:00,108.14,109.54,108.08,109.48,25868209,0
08/16/2016,22:00,109.63,110.23,109.21,109.38,33794448,0
08/17/2016,22:00,109.10,109.37,108.34,109.22,25355976,0
08/18/2016,22:00,109.23,109.60,109.02,109.08,21984703,0
08/19/2016,22:00,108.77,109.69,108.36,109.36,25368072,0
08/22/2016,22:00,108.86,109.10,107.85,108.51,25820230,0
08/23/2016,22:00,108.59,109.32,108.53,108.85,21257669,0
08/24/2016,22:00,108.57,108.75,107.68,108.03,23675081,0
08/25/2016,22:00,107.39,107.88,106.68,107.57,25086248,0
08/26/2016,22:00,107.41,107.95,106.31,106.94,27766291,0
08/29/2016,22:00,106.62,107.44,106.29,106.82,24970300,0
08/30/2016,22:00,105.80,106.50,105.50,106.00,24863945,0
08/31/2016,22:00,105.66,106.57,105.64,106.10,29662406,0
09/01/2016,22:00,106.14,106.80,105.62,106.73,26701523,0
09/02/2016,22:00,107.70,108.00,106.82,107.73,26802450,0
09/06/2016,22:00,107.90,108.30,107.51,107.70,26880391,0
09/07/2016,22:00,107.83,108.76,107.07,108.36,42364328,0
09/08/2016,22:00,107.25,107.27,105.24,105.52,53002026,0
09/09/2016,22:00,104.64,105.72,103.13,103.13,46556984,0
09/12/2016,22:00,102.65,105.72,102.53,105.44,45292770,0
09/13/2016,22:00,107.51,108.79,107.24,107.95,62176190,0
09/14/2016,22:00,108.73,113.03,108.60,111.77,112340318,0
09/15/2016,22:00,113.86,115.73,113.49,115.57,90613177,0
09/16/2016,22:00,115.12,116.13,114.04,114.92,79886911,0
09/19/2016,22:00,115.19,116.18,113.25,113.58,47023046,0
09/20/2016,22:00,113.05,114.12,112.51,113.57,34514269,0
09/21/2016,22:00,113.85,113.99,112.44,113.55,36003185,0
09/22/2016,22:00,114.35,114.94,114.00,114.62,31073984,0
09/23/2016,22:00,114.42,114.79,111.55,112.71,52481151,0
09/26/2016,22:00,111.64,113.39,111.55,112.88,29869442,0
09/27/2016,22:00,113.00,113.18,112.34,113.09,24607412,0
09/28/2016,22:00,113.69,114.64,113.43,113.95,29641085,0
09/29/2016,22:00,113.16,113.80,111.80,112.18,35886990,0
09/30/2016,22:00,112.46,113.37,111.80,113.05,36379106,0
10/03/2016,22:00,112.71,113.05,112.28,112.52,21701760,0
10/04/2016,22:00,113.06,114.31,112.63,113.00,29736835,0
10/05/2016,22:00,113.40,113.66,112.69,113.05,21453089,0
10/06/2016,22:00,113.70,114.34,113.13,113.89,28779313,0
10/07/2016,22:00,114.31,114.56,113.51,114.06,24358443,0
10/10/2016,22:00,115.02,116.75,114.72,116.05,36235956,0
10/11/2016,22:00,117.70,118.69,116.20,116.30,64041043,0
10/12/2016,22:00,117.35,117.98,116.75,117.34,37586787,0
10/13/2016,22:00,116.79,117.44,115.72,116.98,35192406,0
10/14/2016,22:00,117.88,118.17,117.13,117.63,35652191,0
10/17/2016,22:00,117.33,117.84,116.78,117.55,23624896,0
10/18/2016,22:00,118.01,118.21,117.45,117.47,24553478,0
10/19/2016,22:00,117.25,117.76,116.91,117.12,20034594,0
10/20/2016,22:00,116.86,117.38,116.33,117.06,24125801,0
10/21/2016,22:00,116.81,116.91,116.28,116.60,23192665,0
10/24/2016,22:00,117.10,117.74,117.00,117.65,23538673,0
10/25/2016,22:00,117.95,118.36,117.31,118.25,48128970,0
10/26/2016,22:00,114.31,115.70,113.31,115.59,66134219,0
10/27/2016,22:00,115.39,115.86,114.10,114.48,34562045,0
10/28/2016,22:00,113.87,115.21,113.45,113.72,37861662,0
10/31/2016,22:00,113.65,114.23,113.20,113.54,26419398,0
11/01/2016,22:00,113.46,113.77,110.53,111.49,43825812,0
11/02/2016,22:00,111.40,112.35,111.23,111.59,28331709,0
11/03/2016,22:00,110.98,111.46,109.55,109.83,26932602,0
11/04/2016,22:00,108.53,110.25,108.11,108.84,30836997,0
11/07/2016,22:00,110.08,110.51,109.46,110.41,32560000,0
11/08/2016,22:00,110.31,111.72,109.70,111.06,24254179,0
11/09/2016,22:00,109.88,111.32,108.05,110.88,59176361,0
11/10/2016,22:00,111.09,111.09,105.83,107.79,57134541,0
11/11/2016,22:00,107.12,108.87,106.55,108.43,34143898,0
11/14/2016,22:00,107.71,107.81,104.08,105.71,51175504,0
11/15/2016,22:00,106.57,107.68,106.16,107.11,32264510,0
11/16/2016,22:00,106.85,110.23,106.60,109.99,58840522,0
11/17/2016,22:00,109.81,110.35,108.83,109.95,27632003,0
11/18/2016,22:00,109.72,110.54,109.66,110.06,28428917,0
11/21/2016,22:00,110.12,111.99,110.01,111.73,29264571,0
11/22/2016,22:00,111.95,112.42,111.40,111.80,25965534,0
11/23/2016,22:00,111.36,111.51,110.33,111.23,27426394,0
11/25/2016,22:00,111.13,111.87,110.95,111.79,11475922,0
11/28/2016,22:00,111.43,112.46,111.39,111.57,27193983,0
11/29/2016,22:00,110.78,112.03,110.07,111.46,28528750,0
11/30/2016,22:00,111.60,112.20,110.27,110.52,36162258,0
12/01/2016,22:00,110.36,110.94,109.03,109.49,37086862,0
12/02/2016,22:00,109.20,110.09,108.85,109.90,26527997,0
12/05/2016,22:00,110.00,110.03,108.25,109.11,34324540,0
12/06/2016,22:00,109.50,110.36,109.19,109.95,26195462,0
12/07/2016,22:00,109.26,111.19,109.16,111.03,29998719,0
12/08/2016,22:00,110.86,112.43,110.60,112.12,27068316,0
12/09/2016,22:00,112.31,114.70,112.31,113.95,34402627,0
12/12/2016,22:00,113.29,113.33,112.49,113.30,26374377,0
12/13/2016,22:00,113.84,115.92,113.75,115.19,43733811,0
12/14/2016,22:00,115.04,116.20,114.98,115.19,34031834,0
12/15/2016,22:00,115.38,116.73,115.23,115.82,46524544,0
12/16/2016,22:00,116.47,116.50,115.64,115.97,44351134,0
12/19/2016,22:00,115.80,117.38,115.75,116.64,27779423,0
12/20/2016,22:00,116.74,117.50,116.68,116.95,21424965,0
12/21/2016,22:00,116.80,117.40,116.78,117.06,23783165,0
12/22/2016,22:00,116.35,116.51,115.64,116.29,26085854,0
12/23/2016,22:00,115.80,116.52,115.59,116.52,14249484,0
12/27/2016,22:00,116.52,117.80,116.49,117.26,18296855,0
12/28/2016,22:00,117.52,118.02,116.20,116.76,20905892,0
12/29/2016,22:00,116.45,117.11,116.40,116.73,15039519,0
12/30/2016,22:00,116.65,117.20,115.43,115.82,30586265,0
01/03/2017,22:00,115.80,116.33,114.76,116.15,28781865,0
01/04/2017,22:00,115.85,116.51,115.75,116.02,21118116,0
01/05/2017,22:00,115.92,116.86,115.81,116.61,22193587,0
01/06/2017,22:00,116.78,118.16,116.47,117.91,31751900,0
01/09/2017,22:00,117.95,119.43,117.94,118.99,33561948,0
01/10/2017,22:00,118.77,119.38,118.30,119.11,24462051,0
01/11/2017,22:00,118.74,119.93,118.60,119.75,27588593,0
01/12/2017,22:00,118.89,119.30,118.21,119.25,27086220,0
01/13/2017,22:00,119.11,119.62,118.81,119.04,26111948,0
01/17/2017,22:00,118.34,120.24,118.22,120.00,34439843,0
01/18/2017,22:00,120.00,120.50,119.71,119.99,23712961,0
01/19/2017,22:00,119.40,120.09,119.37,119.78,25597291,0
01/20/2017,22:00,120.32,120.45,119.73,120.00,32597892,0
01/23/2017,22:00,120.00,120.81,119.77,120.08,22050218,0
01/24/2017,22:00,119.55,120.10,119.50,119.97,23211038,0
01/25/2017,22:00,120.42,122.10,120.28,121.88,32586673,0
01/26/2017,22:00,121.67,122.44,121.60,121.94,26337576,0
01/27/2017,22:00,122.14,122.35,121.60,121.95,20562944,0
01/30/2017,22:00,120.93,121.63,120.66,121.63,30377503,0
01/31/2017,22:00,121.15,121.39,120.62,121.35,49200993,0
02/01/2017,22:00,127.03,130.49,127.01,128.75,111985040,0
02/02/2017,22:00,127.97,129.39,127.78,128.53,33710411,0
02/03/2017,22:00,128.31,129.19,128.16,129.08,24507301,0
02/06/2017,22:00,128.94,130.50,128.90,130.29,26845924,0
02/07/2017,22:00,130.54,132.09,130.45,131.53,38183841,0
02/08/2017,22:00,131.35,132.22,131.22,132.04,23004072,0
02/09/2017,22:00,131.65,132.45,131.12,132.42,28349859,0
02/10/2017,22:00,132.46,132.94,132.05,132.12,20065458,0
02/13/2017,22:00,133.08,133.82,132.75,133.29,23035421,0
02/14/2017,22:00,133.47,135.09,133.25,135.02,33226223,0
02/15/2017,22:00,135.52,136.27,134.62,135.51,35623100,0
02/16/2017,22:00,135.67,135.90,134.84,135.35,22584555,0
02/17/2017,22:00,135.10,135.83,135.10,135.72,22198197,0
02/21/2017,22:00,136.23,136.75,135.98,136.70,24507156,0
02/22/2017,22:00,136.43,137.12,136.11,137.11,20836932,0
02/23/2017,22:00,137.38,137.48,136.30,136.53,20788186,0
02/24/2017,22:00,135.91,136.66,135.28,136.66,21776585,0
02/27/2017,22:00,137.14,137.43,136.28,136.93,20257426,0
02/28/2017,22:00,137.08,137.43,136.70,136.99,23482860,0
03/01/2017,22:00,137.89,140.15,137.60,139.79,36414585,0
03/02/2017,22:00,140.00,140.28,138.76,138.96,26210984,0
03/03/2017,22:00,138.78,139.83,138.59,139.78,21571121,0
03/06/2017,22:00,139.37,139.77,138.60,139.34,21750044,0
03/07/2017,22:00,139.06,139.98,138.79,139.52,17446297,0
03/08/2017,22:00,138.95,139.80,138.82,139.00,18707236,0
03/09/2017,22:00,138.74,138.79,137.05,138.68,22155904,0
03/10/2017,22:00,139.25,139.36,138.64,139.14,19612801,0
03/13/2017,22:00,138.85,139.43,138.82,139.20,17421717,0
03/14/2017,22:00,139.30,139.65,138.84,138.99,15309065,0
03/15/2017,22:00,139.41,140.75,139.02,140.46,25691774,0
03/16/2017,22:00,140.72,141.02,140.26,140.69,19231998,0
03/17/2017,22:00,141.00,141.00,139.89,139.99,43884952,0
03/20/2017,22:00,140.40,141.50,140.23,141.46,21542038,0
03/21/2017,22:00,142.11,142.80,139.73,139.84,39529912,0
03/22/2017,22:00,139.85,141.60,139.76,141.42,25860165,0
03/23/2017,22:00,141.26,141.58,140.61,140.92,20346301,0
03/24/2017,22:00,141.50,141.74,140.35,140.64,22395563,0
03/27/2017,22:00,139.39,141.22,138.62,140.88,23575094,0
03/28/2017,22:00,140.91,144.04,140.62,143.80,33374805,0
03/29/2017,22:00,143.68,144.49,143.19,144.12,29189955,0
03/30/2017,22:00,144.19,144.50,143.50,143.93,21207252,0
03/31/2017,22:00,143.72,144.27,143.01,143.66,19661651,0
04/03/2017,22:00,143.71,144.12,143.05,143.70,19985714,0
04/04/2017,22:00,143.25,144.89,143.17,144.77,19891354,0
04/05/2017,22:00,144.63,145.46,143.81,144.02,27717854,0
04/06/2017,22:00,144.29,144.52,143.45,143.66,21149034,0
04/07/2017,22:00,143.73,144.18,143.27,143.34,16672198,0
04/10/2017,22:00,143.60,143.88,142.90,143.17,18933397,0
04/11/2017,22:00,142.94,143.35,140.06,141.63,30379376,0
04/12/2017,22:00,141.60,142.15,141.01,141.80,20350000,0
04/13/2017,22:00,141.91,142.38,141.05,141.05,17822880,0
04/17/2017,22:00,141.19,141.88,140.87,141.83,16582094,0
04/18/2017,22:00,141.41,142.04,141.11,141.20,14697544,0
04/19/2017,22:00,141.88,142.00,140.45,140.68,17328375,0
04/20/2017,22:00,141.22,142.92,141.16,142.44,23319562,0
04/21/2017,22:00,142.44,142.68,141.85,142.27,17320928,0
04/24/2017,22:00,143.50,143.95,143.18,143.64,17134333,0
04/25/2017,22:00,143.91,144.90,143.87,144.53,18871501,0
04/26/2017,22:00,144.47,144.60,143.38,143.68,20041241,0
04/27/2017,22:00,143.92,144.16,143.31,143.79,14246347,0
04/28/2017,22:00,144.09,144.30,143.27,143.65,20860358,0
05/01/2017,22:00,145.10,147.20,144.96,146.58,33602943,0
05/02/2017,22:00,147.54,148.09,146.84,147.51,45352194,0
05/03/2017,22:00,145.59,147.49,144.27,147.06,45697034,0
05/04/2017,22:00,146.52,147.14,145.81,146.53,23371872,0
05/05/2017,22:00,146.76,148.98,146.76,148.96,27327725,0
05/08/2017,22:00,149.03,153.70,149.03,153.01,48752413,0
05/09/2017,22:00,153.87,154.88,153.45,153.99,39130363,0
05/10/2017,22:00,153.63,153.94,152.11,153.26,25805692,0
05/11/2017,22:00,152.67,154.07,152.31,153.95,27255058,0
05/12/2017,22:00,154.70,156.42,154.67,156.10,32527017,0
05/15/2017,22:00,156.01,156.65,155.05,155.70,26009719,0
05/16/2017,22:00,155.94,156.06,154.72,155.47,20048478,0
05/17/2017,22:00,153.95,154.57,149.71,150.25,50767678,0
05/18/2017,22:00,151.27,153.34,151.13,152.54,33568215,0
05/19/2017,22:00,153.38,153.98,152.63,153.06,26960788,0
05/22/2017,22:00,154.00,154.58,152.91,153.99,22966437,0
05/23/2017,22:00,154.90,154.90,153.31,153.80,19918871,0
05/24/2017,22:00,153.84,154.17,152.67,153.34,19219154,0
05/25/2017,22:00,153.73,154.35,153.03,153.87,19235598,0
05/26/2017,22:00,153.82,154.24,153.31,153.61,21927637,0
05/30/2017,22:00,153.42,154.43,153.33,153.67,20126851,0
05/31/2017,22:00,153.97,154.17,152.38,152.76,24451164,0
06/01/2017,22:00,153.17,153.33,152.22,153.18,16404088,0
06/02/2017,22:00,153.58,155.45,152.89,155.45,27770715,0
06/05/2017,22:00,154.34,154.45,153.46,153.93,25331662,0
06/06/2017,22:00,153.90,155.81,153.78,154.45,26624926,0
06/07/2017,22:00,155.02,155.98,154.48,155.37,21069647,0
06/08/2017,22:00,155.25,155.54,154.40,154.99,21250798,0
06/09/2017,22:00,155.19,155.19,146.02,148.98,64882657,0
06/12/2017,22:00,145.74,146.09,142.51,145.42,72307330,0
06/13/2017,22:00,147.16,147.45,145.15,146.59,34165445,0
06/14/2017,22:00,147.50,147.50,143.84,145.16,31531232,0
06/15/2017,22:00,143.32,144.48,142.21,144.29,32165373,0
06/16/2017,22:00,143.78,144.50,142.20,142.27,50361093,0
06/19/2017,22:00,143.98,146.74,143.66,146.34,32541404,0
06/20/2017,22:00,146.87,146.87,144.94,145.01,24900073,0
06/21/2017,22:00,145.52,146.07,144.61,145.87,21265751,0
06/22/2017,22:00,145.77,146.70,145.12,145.63,19106294,0
06/23/2017,22:00,145.13,147.16,145.11,146.28,35439389,0
06/26/2017,22:00,147.17,148.28,145.38,145.82,25692361,0
06/27/2017,22:00,145.01,146.16,143.62,143.73,24761891,0
06/28/2017,22:00,143.95,146.11,143.16,145.83,22082432,0
06/29/2017,22:00,144.71,145.13,142.28,143.68,31499368,0
06/30/2017,22:00,144.71,144.96,143.78,144.02,23024107,0
07/03/2017,22:00,144.88,145.30,143.10,143.50,13068428,0
07/05/2017,22:00,143.69,144.79,142.72,144.09,21569557,0
07/06/2017,22:00,143.02,143.50,142.41,142.73,24128782,0
07/07/2017,22:00,142.90,144.75,142.90,144.18,19201712,0
07/10/2017,22:00,144.11,145.95,143.37,145.06,21090636,0
07/11/2017,22:00,144.73,145.85,144.38,145.53,19781836,0
07/12/2017,22:00,145.87,146.18,144.82,145.74,24884478,0
07/13/2017,22:00,145.50,148.49,145.44,147.77,25199373,0
07/14/2017,22:00,147.97,149.33,147.33,149.04,20132061,0
07/17/2017,22:00,148.82,150.90,148.57,149.56,23793456,0
07/18/2017,22:00,149.41,150.13,148.67,150.08,17868792,0
07/19/2017,22:00,150.48,151.42,149.95,151.02,20922969,0
07/20/2017,22:00,151.50,151.74,150.19,150.34,17243748,0
07/21/2017,22:00,150.01,150.44,148.88,150.27,26252630,0
07/24/2017,22:00,150.58,152.44,149.90,152.09,21493160,0
07/25/2017,22:00,152.28,153.84,151.80,152.74,18853932,0
07/26/2017,22:00,153.35,153.93,153.06,153.46,15780951,0
07/27/2017,22:00,153.75,153.99,147.30,150.56,32476337,0
07/28/2017,22:00,149.89,150.23,149.19,149.50,17213653,0
07/31/2017,22:00,149.90,150.33,148.13,148.73,19845920,0
08/01/2017,22:00,149.10,150.22,148.41,150.05,35368645,0
08/02/2017,22:00,159.52,159.75,156.16,157.14,69936800,0
08/03/2017,22:00,157.05,157.21,155.02,155.57,27097296,0
08/04/2017,22:00,156.07,157.40,155.69,156.39,20559852,0
08/07/2017,22:00,157.06,158.92,156.67,158.81,21870321,0
08/08/2017,22:00,158.60,161.83,158.27,160.08,36205896,0
08/09/2017,22:00,159.26,161.27,159.11,161.06,26131530,0
08/10/2017,22:00,159.90,160.00,154.63,155.32,40804273,0
08/11/2017,22:00,156.60,158.57,156.07,157.48,26257096,0
08/14/2017,22:00,159.32,160.21,158.75,159.85,22122734,0
08/15/2017,22:00,160.66,162.20,160.14,161.60,29465487,0
08/16/2017,22:00,161.94,162.51,160.15,160.95,27671612,0
08/17/2017,22:00,160.52,160.71,157.84,157.86,27940565,0
08/18/2017,22:00,157.86,159.50,156.72,157.50,27428069,0
08/21/2017,22:00,157.50,157.89,155.11,157.21,26368528,0
08/22/2017,22:00,158.23,160.00,158.02,159.78,21604585,0
08/23/2017,22:00,159.07,160.47,158.88,159.98,19399081,0
08/24/2017,22:00,160.43,160.74,158.55,159.27,19818918,0
08/25/2017,22:00,159.65,160.56,159.27,159.86,25480063,0
08/28/2017,22:00,160.14,162.00,159.93,161.47,25965972,0
08/29/2017,22:00,160.10,163.12,160.00,162.91,29516910,0
08/30/2017,22:00,163.80,163.89,162.61,163.35,27269584,0
08/31/2017,22:00,163.64,164.52,163.48,164.00,26785096,0
09/01/2017,22:00,164.80,164.94,163.63,164.05,16591051,0
09/05/2017,22:00,163.75,164.25,160.56,162.08,29536314,0
09/06/2017,22:00,162.71,162.99,160.52,161.91,21651726,0
09/07/2017,22:00,162.09,162.24,160.36,161.26,21928502,0
09/08/2017,22:00,160.86,161.15,158.53,158.63,28611535,0
09/11/2017,22:00,160.50,162.05,159.89,161.50,31580798,0
09/12/2017,22:00,162.61,163.96,158.77,160.86,71714046,0
09/13/2017,22:00,159.87,159.96,157.91,159.65,44907361,0
09/14/2017,22:00,158.99,159.40,158.09,158.28,23760749,0
09/15/2017,22:00,158.47,160.97,158.00,159.88,49114602,0
09/18/2017,22:00,160.11,160.50,157.99,158.67,28269435,0
09/19/2017,22:00,159.51,159.77,158.44,158.73,20810632,0
09/20/2017,22:00,157.90,158.26,153.83,156.07,52951364,0
09/21/2017,22:00,155.80,155.80,152.75,153.39,37511661,0
09/22/2017,22:00,152.02,152.27,150.56,151.89,46645443,0
09/25/2017,22:00,149.99,151.83,149.16,150.55,44387336,0
09/26/2017,22:00,151.78,153.92,151.69,153.14,36660045,0
09/27/2017,22:00,153.80,154.72,153.54,154.23,25504227,0
09/28/2017,22:00,153.89,154.28,152.70,153.28,22005455,0
09/29/2017,22:00,153.21,154.13,152.00,154.12,26299810,0
10/02/2017,22:00,154.26,154.45,152.72,153.81,18698842,0
10/03/2017,22:00,154.01,155.09,153.91,154.48,16230293,0
10/04/2017,22:00,153.63,153.86,152.46,153.48,20163750,0
10/05/2017,22:00,154.18,155.44,154.05,155.39,21283769,0
10/06/2017,22:00,154.97,155.49,154.56,155.30,17407558,0
10/09/2017,22:00,155.81,156.73,155.49,155.84,16262923,0
10/10/2017,22:00,156.05,158.00,155.10,155.90,15617014,0
10/11/2017,22:00,155.97,156.98,155.75,156.55,16905640,0
10/12/2017,22:00,156.35,157.37,155.73,156.00,16125054,0
10/13/2017,22:00,156.73,157.28,156.41,156.99,16394188,0
10/16/2017,22:00,157.90,160.00,157.65,159.88,24121452,0
10/17/2017,22:00,159.78,160.87,159.23,160.47,18997275,0
10/18/2017,22:00,160.42,160.71,159.60,159.76,16374164,0
10/19/2017,22:00,156.75,157.08,155.02,155.98,42584166,0
10/20/2017,22:00,156.94,157.75,155.96,156.25,23974146,0
10/23/2017,22:00,156.89,157.69,155.50,156.17,21984327,0
10/24/2017,22:00,156.29,157.42,156.20,157.10,17757230,0
10/25/2017,22:00,156.91,157.55,155.27,156.41,21207098,0
10/26/2017,22:00,157.23,157.83,156.78,157.41,17000469,0
10/27/2017,22:00,159.29,163.60,158.70,163.05,44454160,0
10/30/2017,22:00,163.89,168.07,163.72,166.72,44700772,0
10/31/2017,22:00,167.90,169.65,166.94,169.04,36046828,0
11/01/2017,22:00,169.87,169.94,165.61,166.89,33637762,0
11/02/2017,22:00,167.64,168.50,165.28,168.11,41393373,0
11/03/2017,22:00,174.00,174.26,171.12,172.50,59398631,0
11/06/2017,22:00,172.37,174.99,171.72,174.25,35026306,0
11/07/2017,22:00,173.91,175.25,173.60,174.81,24361485,0
11/08/2017,22:00,174.66,176.24,174.33,176.24,24409527,0
11/09/2017,22:00,175.11,176.10,173.14,175.88,29482596,0
11/10/2017,22:00,175.11,175.38,174.27,174.67,25145500,0
11/13/2017,22:00,173.50,174.50,173.40,173.97,16982080,0
11/14/2017,22:00,173.04,173.48,171.18,171.34,24782487,0
11/15/2017,22:00,169.97,170.32,168.38,169.08,29158070,0
11/16/2017,22:00,171.18,171.87,170.30,171.10,23637484,0
11/17/2017,22:00,171.04,171.39,169.64,170.15,21899544,0
11/20/2017,22:00,170.29,170.56,169.56,169.98,16262447,0
11/21/2017,22:00,170.78,173.70,170.78,173.14,25131295,0
11/22/2017,22:00,173.36,175.00,173.05,174.96,25588925,0
11/24/2017,22:00,175.10,175.50,174.65,174.97,14026673,0
11/27/2017,22:00,175.05,175.08,173.34,174.09,20716802,0
11/28/2017,22:00,174.30,174.87,171.86,173.07,26428802,0
11/29/2017,22:00,172.63,172.92,167.16,169.48,41666364,0
11/30/2017,22:00,170.43,172.14,168.44,171.85,41527218,0
12/01/2017,22:00,169.95,171.67,168.50,171.05,39759288,0
12/04/2017,22:00,172.48,172.62,169.63,169.80,32542385,0
12/05/2017,22:00,169.27,171.52,168.40,169.64,27350154,0
12/06/2017,22:00,167.50,170.20,166.46,169.01,28560000,0
12/07/2017,22:00,169.03,170.44,168.91,169.32,25673308,0
12/08/2017,22:00,170.49,171.00,168.82,169.37,23355231,0
12/11/2017,22:00,169.20,172.89,168.79,172.67,35273759,0
12/12/2017,22:00,172.15,172.39,171.46,171.70,19409230,0
12/13/2017,22:00,172.50,173.54,172.00,172.27,23818447,0
12/14/2017,22:00,172.40,173.13,171.65,172.22,20476541,0
12/15/2017,22:00,173.47,174.17,172.46,173.97,40169307,0
12/18/2017,22:00,174.88,177.20,174.86,176.42,29421114,0
12/19/2017,22:00,174.68,175.39,174.09,174.54,27436447,0
12/20/2017,22:00,174.87,175.42,173.25,174.35,23475649,0
12/21/2017,22:00,174.17,176.02,174.10,175.01,20949896,0
12/22/2017,22:00,174.68,175.42,174.50,175.01,16349444,0
12/26/2017,22:00,170.80,171.47,169.68,170.57,33185536,0
12/27/2017,22:00,170.10,170.78,169.71,170.60,21498213,0
12/28/2017,22:00,171.00,171.85,170.48,171.08,16480187,0
12/29/2017,22:00,170.52,170.59,169.22,169.23,25999922,0
