"Date","Time","Open","High","Low","Close","Vol","OI"
01/02/2013,22:00,26.20,26.24,25.70,25.92,7513134,0
01/03/2013,22:00,25.98,26.30,25.89,26.18,7233816,0
01/04/2013,22:00,26.25,26.52,26.24,26.44,6793958,0
01/07/2013,22:00,26.40,26.54,26.26,26.48,6489308,0
01/08/2013,22:00,26.36,26.47,26.09,26.20,6714144,0
01/09/2013,22:00,26.28,26.37,26.16,26.23,5530274,0
01/10/2013,22:00,26.32,26.44,26.08,26.27,7705780,0
01/11/2013,22:00,26.31,26.71,26.16,26.55,9790892,0
01/14/2013,22:00,26.59,26.74,26.50,26.59,5604176,0
01/15/2013,22:00,26.52,26.88,26.44,26.82,6507486,0
01/16/2013,22:00,26.74,27.00,26.62,26.86,5300056,0
01/17/2013,22:00,26.90,26.99,26.66,26.74,4864848,0
01/18/2013,22:00,26.74,26.78,26.49,26.65,6146872,0
01/22/2013,22:00,26.71,26.75,26.52,26.74,6207542,0
01/23/2013,22:00,26.57,26.68,26.41,26.55,6779136,0
01/24/2013,22:00,26.60,26.94,26.58,26.93,6820332,0
01/25/2013,22:00,27.06,27.78,27.00,27.77,12543648,0
01/28/2013,22:00,27.70,27.76,27.16,27.25,8038160,0
01/29/2013,22:00,27.19,27.23,26.94,26.96,7214784,0
01/30/2013,22:00,26.98,27.08,26.78,26.81,6343300,0
01/31/2013,22:00,26.81,27.14,26.72,27.02,9146144,0
02/01/2013,22:00,27.23,27.36,26.80,26.85,6774510,0
02/04/2013,22:00,26.80,27.13,26.75,26.83,5075738,0
02/05/2013,22:00,26.97,27.16,26.93,26.94,4527202,0
02/06/2013,22:00,26.84,27.18,26.75,27.08,5296912,0
02/07/2013,22:00,27.11,27.36,27.03,27.34,5572950,0
02/08/2013,22:00,27.32,27.59,27.24,27.30,5100734,0
02/11/2013,22:00,27.64,27.95,27.36,27.61,8916590,0
02/12/2013,22:00,27.45,27.60,27.40,27.55,3866508,0
02/13/2013,22:00,27.51,27.68,27.20,27.28,6054126,0
02/14/2013,22:00,27.28,27.50,27.16,27.31,6164026,0
02/15/2013,22:00,27.34,27.57,27.26,27.48,7060126,0
02/19/2013,22:00,27.47,27.58,27.15,27.24,8513314,0
02/20/2013,22:00,27.20,27.33,27.00,27.01,7587334,0
02/21/2013,22:00,27.42,27.52,27.06,27.27,9359152,0
02/22/2013,22:00,27.33,27.44,27.00,27.24,5854828,0
02/25/2013,22:00,27.27,27.50,27.02,27.02,8567972,0
02/26/2013,22:00,27.16,27.37,26.97,27.14,6085136,0
02/27/2013,22:00,27.13,27.26,26.98,27.17,6269382,0
02/28/2013,22:00,27.13,27.36,27.00,27.23,6713490,0
03/01/2013,22:00,27.23,27.42,27.09,27.41,8054950,0
03/04/2013,22:00,27.28,27.45,27.20,27.36,5294732,0
03/05/2013,22:00,27.45,27.50,27.26,27.45,8104420,0
03/06/2013,22:00,27.48,27.81,27.35,27.65,5811896,0
03/07/2013,22:00,27.67,27.83,27.57,27.61,5685050,0
03/08/2013,22:00,27.56,27.61,27.25,27.34,8017382,0
03/11/2013,22:00,27.28,27.32,27.08,27.26,6754724,0
03/12/2013,22:00,26.85,27.08,26.64,26.75,12344464,0
03/13/2013,22:00,26.84,27.50,26.80,27.42,8185616,0
03/14/2013,22:00,27.43,27.45,27.17,27.34,6918234,0
03/15/2013,22:00,27.33,27.42,27.14,27.39,8131942,0
03/18/2013,22:00,27.21,27.33,27.04,27.08,5081012,0
03/19/2013,22:00,27.11,27.22,26.77,26.92,6628348,0
03/20/2013,22:00,27.06,27.44,27.03,27.42,7944806,0
03/21/2013,22:00,27.24,27.36,26.76,26.80,15896108,0
03/22/2013,22:00,29.00,30.13,28.93,29.76,38665440,0
03/25/2013,22:00,29.69,29.99,29.51,29.78,13317218,0
03/26/2013,22:00,29.67,29.81,29.45,29.74,8950618,0
03/27/2013,22:00,29.51,29.65,29.07,29.23,10447734,0
03/28/2013,22:00,29.63,29.66,29.23,29.50,7614536,0
04/01/2013,22:00,29.50,29.59,28.99,29.13,6970514,0
04/02/2013,22:00,29.18,29.69,29.18,29.45,9330534,0
04/03/2013,22:00,29.60,29.76,29.28,29.45,7627284,0
04/04/2013,22:00,29.37,29.75,29.37,29.67,4999470,0
04/05/2013,22:00,29.29,29.52,29.17,29.49,6190482,0
04/08/2013,22:00,29.44,29.98,29.41,29.98,8013984,0
04/09/2013,22:00,29.91,30.07,29.65,29.94,6679924,0
04/10/2013,22:00,29.97,30.27,29.96,30.15,5951308,0
04/11/2013,22:00,30.18,30.69,30.16,30.60,8790798,0
04/12/2013,22:00,30.53,30.61,30.22,30.29,5539596,0
04/15/2013,22:00,30.23,30.47,29.83,29.83,6676630,0
04/16/2013,22:00,30.06,30.26,29.83,30.25,5960568,0
04/17/2013,22:00,30.05,30.66,30.00,30.45,10437376,0
04/18/2013,22:00,30.49,30.60,29.85,30.09,6016272,0
04/19/2013,22:00,30.29,30.52,30.13,30.46,6773668,0
04/22/2013,22:00,30.52,30.75,30.32,30.68,5968530,0
04/23/2013,22:00,30.81,30.97,30.62,30.84,6122118,0
04/24/2013,22:00,30.92,31.00,30.70,30.76,4167966,0
04/25/2013,22:00,30.88,31.25,30.78,31.03,4378588,0
04/26/2013,22:00,31.24,31.24,30.79,30.94,4826564,0
04/29/2013,22:00,31.00,31.41,30.81,31.32,5845614,0
04/30/2013,22:00,31.33,31.88,31.33,31.80,10099964,0
05/01/2013,22:00,31.80,32.15,31.60,31.68,7924244,0
05/02/2013,22:00,31.75,31.78,31.48,31.66,5605208,0
05/03/2013,22:00,31.84,32.48,31.84,32.28,6952430,0
05/06/2013,22:00,32.20,32.28,31.89,31.98,4751828,0
05/07/2013,22:00,32.07,32.19,31.91,31.95,6298248,0
05/08/2013,22:00,31.90,32.06,31.83,31.95,6260520,0
05/09/2013,22:00,31.95,32.26,31.83,31.87,4433678,0
05/10/2013,22:00,31.93,32.40,31.83,32.38,6647234,0
05/13/2013,22:00,32.27,32.40,32.16,32.33,3780472,0
05/14/2013,22:00,32.30,32.99,32.26,32.96,8277472,0
05/15/2013,22:00,32.90,33.00,32.72,32.92,5289024,0
05/16/2013,22:00,32.83,33.03,32.08,32.22,7689620,0
05/17/2013,22:00,32.27,32.72,32.20,32.66,6219820,0
05/20/2013,22:00,32.63,32.75,32.53,32.67,5463148,0
05/21/2013,22:00,32.74,32.74,32.49,32.62,6468548,0
05/22/2013,22:00,32.60,32.78,32.04,32.22,8295434,0
05/23/2013,22:00,31.99,32.07,31.55,31.67,8627672,0
05/24/2013,22:00,31.33,31.43,30.78,31.40,7517752,0
05/28/2013,22:00,31.78,32.05,31.52,31.64,7784102,0
05/29/2013,22:00,31.45,31.58,31.20,31.47,5521182,0
05/30/2013,22:00,31.55,31.65,31.19,31.20,5955104,0
05/31/2013,22:00,31.10,31.57,30.83,30.83,7469714,0
06/03/2013,22:00,30.92,31.54,30.56,31.51,10142250,0
06/04/2013,22:00,31.63,31.78,31.16,31.39,6786706,0
06/05/2013,22:00,31.22,31.47,30.80,30.88,6205956,0
06/06/2013,22:00,30.93,31.09,30.60,31.08,4761980,0
06/07/2013,22:00,31.24,31.55,31.13,31.38,5332382,0
06/10/2013,22:00,31.45,31.74,31.37,31.52,5480316,0
06/11/2013,22:00,31.02,31.47,30.99,31.08,5540312,0
06/12/2013,22:00,31.25,31.28,30.67,30.70,5442454,0
06/13/2013,22:00,30.70,30.96,30.51,30.88,7836804,0
06/14/2013,22:00,30.82,31.20,30.81,30.94,5222280,0
06/17/2013,22:00,31.31,31.36,30.91,30.97,7512886,0
06/18/2013,22:00,30.97,31.13,30.81,31.08,9071116,0
06/19/2013,22:00,31.06,31.17,30.86,30.88,9223444,0
06/20/2013,22:00,30.66,30.82,30.32,30.39,9824554,0
06/21/2013,22:00,30.41,30.69,30.03,30.28,10095028,0
06/24/2013,22:00,30.08,30.25,29.56,29.98,9489318,0
06/25/2013,22:00,30.17,30.50,29.98,30.19,10901608,0
06/26/2013,22:00,30.43,31.06,30.40,30.92,11379284,0
06/27/2013,22:00,31.50,31.63,31.07,31.16,12283986,0
06/28/2013,22:00,30.94,32.03,30.09,31.84,26819962,0
07/01/2013,22:00,31.97,32.29,31.10,31.17,14399324,0
07/02/2013,22:00,30.97,31.54,30.95,31.31,3356470,0
07/03/2013,22:00,31.23,31.47,31.05,31.43,3356470,0
07/05/2013,22:00,31.58,31.92,31.58,31.82,5158938,0
07/08/2013,22:00,31.95,32.33,31.74,31.86,6982846,0
07/09/2013,22:00,31.99,32.14,31.70,31.97,6989460,0
07/10/2013,22:00,31.93,31.95,31.66,31.80,5098478,0
07/11/2013,22:00,32.10,32.22,31.72,31.86,7148004,0
07/12/2013,22:00,31.81,31.92,31.75,31.83,4424292,0
07/15/2013,22:00,31.73,31.83,31.63,31.67,5761842,0
07/16/2013,22:00,31.57,31.73,31.24,31.35,6858364,0
07/17/2013,22:00,31.30,31.83,31.28,31.67,6247556,0
07/18/2013,22:00,31.62,31.89,31.45,31.66,4486686,0
07/19/2013,22:00,31.63,31.79,31.54,31.67,5919356,0
07/22/2013,22:00,31.53,31.78,31.42,31.65,5581572,0
07/23/2013,22:00,31.76,31.79,31.57,31.59,4289512,0
07/24/2013,22:00,31.65,31.72,31.28,31.32,4705330,0
07/25/2013,22:00,31.34,31.44,31.10,31.25,8911238,0
07/26/2013,22:00,31.02,31.30,31.01,31.26,5518364,0
07/29/2013,22:00,31.13,31.40,31.13,31.35,5075646,0
07/30/2013,22:00,31.33,31.55,31.32,31.42,6400098,0
07/31/2013,22:00,31.56,31.75,31.39,31.46,8461854,0
08/01/2013,22:00,31.62,33.06,31.62,32.99,15823314,0
08/02/2013,22:00,32.97,33.31,32.71,33.15,7518508,0
08/05/2013,22:00,33.10,33.27,33.08,33.20,4212986,0
08/06/2013,22:00,33.17,33.42,32.94,33.27,6244008,0
08/07/2013,22:00,33.07,33.12,32.81,32.81,5897876,0
08/08/2013,22:00,33.03,33.22,32.89,33.03,5057336,0
08/09/2013,22:00,32.97,33.37,32.92,33.15,5644952,0
08/12/2013,22:00,33.15,33.30,33.03,33.26,4401734,0
08/13/2013,22:00,33.33,33.38,32.85,32.90,4299400,0
08/14/2013,22:00,32.76,32.83,32.12,32.17,5961856,0
08/15/2013,22:00,31.89,32.00,31.58,31.75,6227880,0
08/16/2013,22:00,31.70,32.15,31.67,31.83,5261216,0
08/19/2013,22:00,31.85,32.56,31.75,32.35,7749602,0
08/20/2013,22:00,32.29,32.85,32.16,32.31,7668206,0
08/21/2013,22:00,32.30,32.49,32.02,32.06,4770400,0
08/22/2013,22:00,32.10,32.58,31.95,32.43,5055914,0
08/23/2013,22:00,32.58,32.61,31.95,32.10,8044446,0
08/26/2013,22:00,32.07,32.26,31.96,31.96,5485432,0
08/27/2013,22:00,31.66,31.87,31.40,31.41,4870754,0
08/28/2013,22:00,31.35,31.85,31.33,31.68,6045020,0
08/29/2013,22:00,31.47,31.93,31.44,31.74,4599900,0
08/30/2013,22:00,31.85,31.90,31.30,31.41,5851098,0
09/03/2013,22:00,31.81,32.45,31.75,32.15,8213954,0
09/04/2013,22:00,32.15,32.74,32.15,32.56,7103248,0
09/05/2013,22:00,32.53,32.79,32.35,32.69,5271602,0
09/06/2013,22:00,32.65,32.78,32.08,32.49,4632742,0
09/09/2013,22:00,32.57,32.79,32.47,32.70,4148048,0
09/10/2013,22:00,33.38,33.49,32.98,33.41,13383566,0
09/11/2013,22:00,33.49,33.91,33.41,33.79,9114642,0
09/12/2013,22:00,33.98,34.45,33.90,34.04,8249744,0
09/13/2013,22:00,33.95,34.07,33.60,33.96,6584802,0
09/16/2013,22:00,34.38,34.41,33.96,34.10,5346774,0
09/17/2013,22:00,34.09,34.33,33.99,34.16,7752388,0
09/18/2013,22:00,33.97,34.92,33.97,34.74,8548112,0
09/19/2013,22:00,34.93,35.28,34.40,34.75,14628028,0
09/20/2013,22:00,34.60,34.75,34.24,34.69,37172094,0
09/23/2013,22:00,34.62,34.78,34.02,34.49,11021970,0
09/24/2013,22:00,34.72,34.86,34.60,34.72,7432624,0
09/25/2013,22:00,34.72,34.76,34.37,34.46,7883446,0
09/26/2013,22:00,34.62,35.24,34.58,35.17,13765338,0
09/27/2013,22:00,37.41,37.63,36.67,36.82,31199962,0
09/30/2013,22:00,36.15,36.58,36.08,36.32,14797768,0
10/01/2013,22:00,36.52,36.63,36.01,36.21,10444442,0
10/02/2013,22:00,36.02,36.13,35.79,35.94,8752256,0
10/03/2013,22:00,35.94,36.25,35.53,35.82,7145118,0
10/04/2013,22:00,35.88,36.17,35.66,36.07,7168108,0
10/07/2013,22:00,35.71,35.99,35.65,35.67,5173806,0
10/08/2013,22:00,35.73,36.31,35.09,35.14,7522488,0
10/09/2013,22:00,35.26,35.74,34.98,35.44,9282728,0
10/10/2013,22:00,36.17,36.72,35.97,36.72,11105626,0
10/11/2013,22:00,36.74,36.87,36.44,36.73,10792602,0
10/14/2013,22:00,36.47,37.08,36.39,37.03,6199812,0
10/15/2013,22:00,36.98,37.19,36.71,36.85,7956798,0
10/16/2013,22:00,37.03,37.31,36.86,37.26,8755686,0
10/17/2013,22:00,37.18,37.33,37.04,37.27,9384556,0
10/18/2013,22:00,37.28,37.99,37.13,37.97,9831138,0
10/21/2013,22:00,37.94,38.19,37.75,38.04,9992572,0
10/22/2013,22:00,37.89,38.24,37.76,37.98,6818922,0
10/23/2013,22:00,37.74,37.97,37.56,37.78,4762336,0
10/24/2013,22:00,37.81,37.89,37.62,37.76,5627336,0
10/25/2013,22:00,37.78,38.18,37.67,37.85,6896116,0
10/28/2013,22:00,37.88,37.99,37.69,37.76,6147700,0
10/29/2013,22:00,37.89,38.09,37.77,37.96,4201014,0
10/30/2013,22:00,38.31,38.44,37.97,38.06,6314856,0
10/31/2013,22:00,38.02,38.13,37.57,37.88,8184376,0
11/01/2013,22:00,37.95,38.22,37.83,38.03,4221690,0
11/04/2013,22:00,38.18,38.27,37.81,38.19,3609460,0
11/05/2013,22:00,38.04,38.66,37.94,38.60,6333190,0
11/06/2013,22:00,38.83,38.83,38.07,38.38,3945342,0
11/07/2013,22:00,38.60,38.65,37.83,37.85,6250786,0
11/08/2013,22:00,37.79,38.57,37.79,38.56,5821628,0
11/11/2013,22:00,38.65,38.68,38.36,38.58,3523196,0
11/12/2013,22:00,38.50,38.63,38.20,38.44,4327880,0
11/13/2013,22:00,38.27,38.94,38.23,38.92,4802144,0
11/14/2013,22:00,39.12,39.40,38.94,39.32,4764342,0
11/15/2013,22:00,39.19,39.64,39.13,39.61,5774512,0
11/18/2013,22:00,39.70,39.70,39.17,39.29,5693202,0
11/19/2013,22:00,39.21,39.31,38.78,38.90,6443264,0
11/20/2013,22:00,39.00,39.30,38.87,38.92,5892974,0
11/21/2013,22:00,38.91,39.11,38.70,39.04,4671450,0
11/22/2013,22:00,39.23,39.49,38.99,39.44,7035664,0
11/25/2013,22:00,39.53,39.81,39.44,39.56,4583380,0
11/26/2013,22:00,39.58,39.93,39.58,39.80,7360354,0
11/27/2013,22:00,39.85,39.92,39.54,39.67,4000,0
11/29/2013,22:00,39.79,39.88,39.54,39.57,3459218,0
12/02/2013,22:00,39.74,40.07,39.46,39.54,6467854,0
12/03/2013,22:00,39.44,39.74,39.30,39.56,5129200,0
12/04/2013,22:00,39.45,39.59,39.13,39.41,4833204,0
12/05/2013,22:00,39.49,39.67,39.31,39.47,5493908,0
12/06/2013,22:00,39.81,39.94,39.63,39.93,3894944,0
12/09/2013,22:00,39.97,40.13,39.83,39.89,4299198,0
12/10/2013,22:00,39.67,39.83,39.56,39.61,5394962,0
12/11/2013,22:00,39.46,39.51,38.37,38.42,13311554,0
12/12/2013,22:00,38.46,38.46,37.71,38.12,10826492,0
12/13/2013,22:00,38.08,38.40,38.08,38.20,7562266,0
12/16/2013,22:00,38.46,38.55,38.14,38.22,9733130,0
12/17/2013,22:00,38.47,38.62,38.20,38.38,13999090,0
12/18/2013,22:00,38.50,39.29,38.47,39.28,10817508,0
12/19/2013,22:00,39.43,39.43,38.88,39.13,10553666,0
12/20/2013,22:00,38.72,38.85,38.32,38.67,20443782,0
12/23/2013,22:00,38.54,38.72,38.35,38.56,9377292,0
12/24/2013,22:00,38.61,38.90,38.60,38.83,2752980,0
12/26/2013,22:00,38.87,39.23,38.85,39.10,4609850,0
12/27/2013,22:00,39.38,39.51,39.01,39.08,4640706,0
12/30/2013,22:00,39.03,39.44,38.96,39.37,4289342,0
12/31/2013,22:00,39.38,39.47,39.17,39.32,4107266,0
01/02/2014,22:00,39.01,39.42,38.97,39.12,5320436,0
01/03/2014,22:00,39.07,39.31,38.98,39.01,5596994,0
01/06/2014,22:00,39.24,39.30,38.70,38.72,6045824,0
01/07/2014,22:00,38.85,39.00,38.71,38.74,6768976,0
01/08/2014,22:00,38.75,38.97,38.47,38.54,6898036,0
01/09/2014,22:00,38.63,38.73,38.38,38.54,6263454,0
01/10/2014,22:00,38.60,38.67,38.35,38.46,5113992,0
01/13/2014,22:00,38.42,38.46,37.50,37.59,8263852,0
01/14/2014,22:00,37.55,37.67,37.33,37.58,7809704,0
01/15/2014,22:00,37.63,37.87,37.57,37.72,5852590,0
01/16/2014,22:00,37.62,37.69,37.17,37.40,4848396,0
01/17/2014,22:00,37.30,37.37,36.69,36.69,9852030,0
01/21/2014,22:00,37.06,37.30,36.71,36.88,13146958,0
01/22/2014,22:00,36.98,37.03,36.75,36.75,7425218,0
01/23/2014,22:00,36.53,36.59,36.01,36.37,9505516,0
01/24/2014,22:00,36.15,36.33,35.82,35.83,9232314,0
01/27/2014,22:00,35.96,36.13,35.86,35.95,11412736,0
01/28/2014,22:00,36.17,36.58,36.08,36.35,9069288,0
01/29/2014,22:00,36.15,36.28,35.76,35.88,10488722,0
01/30/2014,22:00,36.22,37.10,36.19,36.97,10440406,0
01/31/2014,22:00,36.49,36.65,36.18,36.42,8651900,0
02/03/2014,22:00,36.38,36.40,35.39,35.44,9516214,0
02/04/2014,22:00,35.55,35.62,35.17,35.26,7004194,0
02/05/2014,22:00,35.24,35.43,34.92,35.30,7368688,0
02/06/2014,22:00,35.38,36.13,35.25,35.76,7359296,0
02/07/2014,22:00,35.96,36.42,35.88,36.35,6988704,0
02/10/2014,22:00,36.37,36.49,36.06,36.33,6430536,0
02/11/2014,22:00,36.33,37.07,36.22,36.99,8754260,0
02/12/2014,22:00,37.15,37.40,36.92,37.06,6396304,0
02/13/2014,22:00,36.90,37.48,36.87,37.44,6168760,0
02/14/2014,22:00,37.44,37.59,37.10,37.53,6211156,0
02/18/2014,22:00,37.57,37.74,37.45,37.60,5935698,0
02/19/2014,22:00,37.50,37.77,37.31,37.41,5401484,0
02/20/2014,22:00,37.49,37.88,37.43,37.79,5581594,0
02/21/2014,22:00,37.65,38.33,37.65,38.24,8728528,0
02/24/2014,22:00,38.29,39.07,38.24,38.92,11090816,0
02/25/2014,22:00,38.87,39.26,38.78,39.06,6844588,0
02/26/2014,22:00,39.14,39.53,39.14,39.21,7918668,0
02/27/2014,22:00,39.00,39.19,38.74,39.01,6599430,0
02/28/2014,22:00,38.95,39.35,38.81,39.15,6876614,0
03/03/2014,22:00,38.81,38.99,38.28,38.69,6069112,0
03/04/2014,22:00,39.28,39.53,39.18,39.31,5661616,0
03/05/2014,22:00,39.26,39.30,38.68,38.71,6733758,0
03/06/2014,22:00,38.90,39.19,38.68,39.11,5537940,0
03/07/2014,22:00,39.55,40.04,39.54,39.73,8930880,0
03/10/2014,22:00,39.58,39.68,39.22,39.49,5344448,0
03/11/2014,22:00,39.53,39.81,39.28,39.40,4907242,0
03/12/2014,22:00,39.05,39.50,39.01,39.49,4297346,0
03/13/2014,22:00,39.63,39.87,39.17,39.26,8400450,0
03/14/2014,22:00,39.15,39.50,38.90,39.16,6086540,0
03/17/2014,22:00,39.44,39.57,39.26,39.49,8580336,0
03/18/2014,22:00,39.59,40.04,39.53,39.82,8245394,0
03/19/2014,22:00,39.67,39.98,39.28,39.58,5970302,0
03/20/2014,22:00,39.47,39.63,38.88,39.63,12440636,0
03/21/2014,22:00,38.55,38.65,37.50,37.60,31787072,0
03/24/2014,22:00,37.74,37.92,37.28,37.43,10002094,0
03/25/2014,22:00,37.67,37.76,36.79,36.83,10529380,0
03/26/2014,22:00,37.09,37.25,36.61,36.61,8543902,0
03/27/2014,22:00,36.65,37.05,36.51,36.66,8158684,0
03/28/2014,22:00,36.79,37.06,36.64,36.77,5987044,0
03/31/2014,22:00,37.08,37.10,36.72,36.93,6356670,0
04/01/2014,22:00,37.01,37.39,37.01,37.19,7407620,0
04/02/2014,22:00,37.35,37.50,37.16,37.27,7614620,0
04/03/2014,22:00,37.28,37.59,36.91,36.99,8254934,0
04/04/2014,22:00,37.19,37.25,36.26,36.42,9730242,0
04/07/2014,22:00,36.40,36.47,35.30,35.42,13853874,0
04/08/2014,22:00,36.11,36.56,35.95,36.46,12659534,0
04/09/2014,22:00,36.63,36.80,36.26,36.78,7078436,0
04/10/2014,22:00,37.05,37.08,36.13,36.22,8376572,0
04/11/2014,22:00,36.00,36.33,35.61,35.63,8698526,0
04/14/2014,22:00,35.85,36.23,35.65,36.19,7264770,0
04/15/2014,22:00,36.19,36.44,35.87,36.14,7777444,0
04/16/2014,22:00,36.42,36.59,36.25,36.55,4613326,0
04/17/2014,22:00,36.73,37.22,36.64,37.01,9041594,0
04/21/2014,22:00,36.96,37.03,36.66,36.95,6811838,0
04/22/2014,22:00,36.85,37.35,36.85,37.17,5136078,0
04/23/2014,22:00,37.27,37.43,37.01,37.05,4737822,0
04/24/2014,22:00,37.01,37.19,36.55,36.69,6784518,0
04/25/2014,22:00,36.54,36.85,36.26,36.35,6482914,0
04/28/2014,22:00,36.68,36.85,35.55,35.83,11446864,0
04/29/2014,22:00,35.86,36.36,35.83,36.24,6235986,0
04/30/2014,22:00,36.17,36.53,36.04,36.47,6174692,0
05/01/2014,22:00,36.40,36.69,36.29,36.46,4818124,0
05/02/2014,22:00,36.53,36.76,36.42,36.49,4048270,0
05/05/2014,22:00,36.33,36.72,36.13,36.65,4655822,0
05/06/2014,22:00,36.49,36.58,36.10,36.13,4585112,0
05/07/2014,22:00,36.35,36.41,35.76,36.09,5605346,0
05/08/2014,22:00,36.14,36.67,36.13,36.53,7965266,0
05/09/2014,22:00,36.44,36.79,36.35,36.72,4817094,0
05/12/2014,22:00,36.74,37.33,36.69,37.31,6636942,0
05/13/2014,22:00,37.33,37.50,37.26,37.29,4530112,0
05/14/2014,22:00,37.24,37.33,36.75,36.79,6283330,0
05/15/2014,22:00,36.71,36.81,36.19,36.47,6039798,0
05/16/2014,22:00,36.48,36.97,36.42,36.97,5377026,0
05/19/2014,22:00,37.01,37.28,36.87,37.24,4682142,0
05/20/2014,22:00,37.02,37.05,36.55,36.63,5921378,0
05/21/2014,22:00,36.69,37.13,36.63,37.10,4671898,0
05/22/2014,22:00,37.21,37.47,37.00,37.44,4866302,0
05/23/2014,22:00,37.56,38.16,37.48,37.92,7335230,0
05/27/2014,22:00,38.22,38.42,38.11,38.31,6698076,0
05/28/2014,22:00,38.26,38.31,37.96,38.13,4749234,0
05/29/2014,22:00,38.10,38.32,37.99,38.19,3987550,0
05/30/2014,22:00,38.20,38.47,38.15,38.46,5192378,0
06/02/2014,22:00,38.42,38.49,38.15,38.36,3826488,0
06/03/2014,22:00,38.21,38.31,37.74,37.78,6793492,0
06/04/2014,22:00,37.72,38.18,37.71,38.06,7356868,0
06/05/2014,22:00,38.15,38.27,37.66,37.94,7345504,0
06/06/2014,22:00,38.08,38.44,38.08,38.12,6637666,0
06/09/2014,22:00,38.05,38.46,38.05,38.33,5028680,0
06/10/2014,22:00,38.17,38.46,38.12,38.15,5152844,0
06/11/2014,22:00,37.83,37.90,37.45,37.57,9249944,0
06/12/2014,22:00,37.60,37.72,37.29,37.38,6330580,0
06/13/2014,22:00,37.37,37.47,36.57,37.31,7712158,0
06/16/2014,22:00,37.40,37.65,37.20,37.28,6531480,0
06/17/2014,22:00,37.38,37.58,37.13,37.54,6122274,0
06/18/2014,22:00,37.62,38.18,37.36,38.10,9852222,0
06/19/2014,22:00,38.22,38.22,37.60,37.82,4977664,0
06/20/2014,22:00,38.04,38.06,37.53,37.55,11385672,0
06/23/2014,22:00,37.49,37.81,37.20,37.72,9069278,0
06/24/2014,22:00,37.69,37.98,37.47,37.49,7616964,0
06/25/2014,22:00,37.51,38.27,37.51,38.24,7172136,0
06/26/2014,22:00,38.28,38.46,37.83,38.43,10522660,0
06/27/2014,22:00,39.26,39.58,38.84,38.84,18142240,0
06/30/2014,22:00,38.76,38.87,38.54,38.78,8538802,0
07/01/2014,22:00,38.87,39.27,38.87,39.00,7129814,0
07/02/2014,22:00,39.03,39.20,38.85,38.90,5577522,0
07/03/2014,22:00,38.76,39.31,38.50,39.22,4542504,0
07/07/2014,22:00,39.08,39.42,38.97,39.33,5464806,0
07/08/2014,22:00,39.15,39.21,38.53,38.83,8056876,0
07/09/2014,22:00,38.89,39.38,38.85,39.35,7048542,0
07/10/2014,22:00,38.63,38.90,38.40,38.75,6356956,0
07/11/2014,22:00,38.64,38.79,38.38,38.65,5767520,0
07/14/2014,22:00,38.97,39.10,38.79,38.97,5503306,0
07/15/2014,22:00,38.76,39.10,38.74,39.01,6547966,0
07/16/2014,22:00,38.92,39.12,38.38,38.46,7463878,0
07/17/2014,22:00,38.22,38.49,38.15,38.26,7462670,0
07/18/2014,22:00,38.42,38.85,38.33,38.76,6074414,0
07/21/2014,22:00,38.42,38.65,38.35,38.41,4222964,0
07/22/2014,22:00,38.56,38.82,38.50,38.52,5035986,0
07/23/2014,22:00,38.63,38.72,38.42,38.69,4103962,0
07/24/2014,22:00,38.97,39.38,38.93,39.30,8030262,0
07/25/2014,22:00,39.05,39.39,38.81,38.86,4540920,0
07/28/2014,22:00,38.97,39.30,38.76,39.20,4065216,0
07/29/2014,22:00,39.21,39.43,39.05,39.05,4669634,0
07/30/2014,22:00,39.19,39.97,39.14,39.81,9058332,0
07/31/2014,22:00,39.33,39.51,38.49,38.56,7797748,0
08/01/2014,22:00,38.27,38.62,38.19,38.39,5825772,0
08/04/2014,22:00,38.44,38.70,38.15,38.58,4839350,0
08/05/2014,22:00,38.38,38.82,38.26,38.46,4866202,0
08/06/2014,22:00,38.26,38.62,38.22,38.57,5074324,0
08/07/2014,22:00,38.85,38.87,37.99,38.17,6756694,0
08/08/2014,22:00,38.15,38.55,37.95,38.53,6726000,0
08/11/2014,22:00,38.74,38.75,38.49,38.53,7848616,0
08/12/2014,22:00,38.50,38.72,38.24,38.37,9142328,0
08/13/2014,22:00,38.54,38.90,38.27,38.63,6400460,0
08/14/2014,22:00,38.76,38.90,38.48,38.65,3934930,0
08/15/2014,22:00,38.86,39.00,38.25,38.56,4498524,0
08/18/2014,22:00,38.87,39.35,38.78,39.28,5697360,0
08/19/2014,22:00,39.35,39.54,39.17,39.26,4424066,0
08/20/2014,22:00,39.10,39.54,39.10,39.46,3965796,0
08/21/2014,22:00,39.51,39.70,39.33,39.47,4001828,0
08/22/2014,22:00,39.63,39.87,39.46,39.65,5807376,0
08/25/2014,22:00,39.80,40.15,39.75,40.01,5086628,0
08/26/2014,22:00,40.01,40.05,39.71,39.74,5218934,0
08/27/2014,22:00,39.99,39.99,39.71,39.86,3687566,0
08/28/2014,22:00,39.51,39.61,39.33,39.41,5169126,0
08/29/2014,22:00,39.42,39.47,39.13,39.28,6422960,0
09/02/2014,22:00,39.24,39.76,39.17,39.64,8164366,0
09/03/2014,22:00,39.90,39.94,39.27,39.41,4419754,0
09/04/2014,22:00,39.60,40.11,39.59,39.96,6030362,0
09/05/2014,22:00,39.78,41.06,39.67,41.02,12380650,0
09/08/2014,22:00,40.96,41.40,40.54,41.20,11729654,0
09/09/2014,22:00,41.13,41.27,40.76,40.92,8125190,0
09/10/2014,22:00,40.87,41.31,40.75,41.24,6742670,0
09/11/2014,22:00,41.08,41.29,40.77,40.91,7462444,0
09/12/2014,22:00,40.99,41.00,40.71,40.92,5926258,0
09/15/2014,22:00,41.05,41.09,40.51,40.81,6731534,0
09/16/2014,22:00,40.62,40.77,40.42,40.60,9393364,0
09/17/2014,22:00,40.78,40.92,40.50,40.76,7443272,0
09/18/2014,22:00,40.92,41.00,40.63,40.99,6393816,0
09/19/2014,22:00,41.32,41.37,40.67,40.90,19706420,0
09/22/2014,22:00,40.84,40.94,40.10,40.35,8145064,0
09/23/2014,22:00,40.26,40.29,39.94,40.06,6046870,0
09/24/2014,22:00,40.07,40.44,39.96,40.42,6768768,0
09/25/2014,22:00,40.34,40.34,39.63,39.88,14138328,0
09/26/2014,22:00,43.97,44.99,43.65,44.75,35108796,0
09/29/2014,22:00,44.13,45.05,44.13,44.56,14850956,0
09/30/2014,22:00,44.35,45.15,44.20,44.60,11584526,0
10/01/2014,22:00,44.46,44.50,43.76,43.85,9472554,0
10/02/2014,22:00,43.83,44.76,43.44,44.65,8744190,0
10/03/2014,22:00,44.88,45.22,44.58,45.15,8798778,0
10/06/2014,22:00,45.26,45.26,44.28,44.61,7031214,0
10/07/2014,22:00,44.30,44.60,44.01,44.03,5486754,0
10/08/2014,22:00,44.06,44.58,43.76,44.42,7481288,0
10/09/2014,22:00,44.22,44.49,43.55,43.62,7463072,0
10/10/2014,22:00,43.61,44.10,43.51,43.60,9048282,0
10/13/2014,22:00,43.48,43.56,42.62,42.69,8010426,0
10/14/2014,22:00,42.88,42.96,42.42,42.54,9854322,0
10/15/2014,22:00,42.58,43.55,42.05,42.59,17572044,0
10/16/2014,22:00,42.10,43.63,41.92,43.52,13643924,0
10/17/2014,22:00,43.90,44.17,43.47,43.59,11407164,0
10/20/2014,22:00,43.62,44.46,43.38,44.45,6746026,0
10/21/2014,22:00,44.65,45.35,44.51,45.32,6469338,0
10/22/2014,22:00,45.33,45.76,44.90,44.93,7089024,0
10/23/2014,22:00,45.06,45.66,44.97,45.19,6191882,0
10/24/2014,22:00,44.97,45.49,44.96,45.45,4932098,0
10/27/2014,22:00,45.42,45.89,45.22,45.82,5819342,0
10/28/2014,22:00,45.76,46.22,45.65,46.22,6358432,0
10/29/2014,22:00,46.08,46.27,45.71,45.97,4999730,0
10/30/2014,22:00,45.88,46.50,45.78,46.50,4585130,0
10/31/2014,22:00,47.06,47.07,46.33,46.49,6463600,0
11/03/2014,22:00,46.67,46.74,46.44,46.72,4863412,0
11/04/2014,22:00,46.53,47.01,46.31,46.97,4441432,0
11/05/2014,22:00,47.42,47.42,46.85,47.34,6513814,0
11/06/2014,22:00,47.42,47.54,47.27,47.30,5482034,0
11/07/2014,22:00,47.38,47.38,46.77,46.89,4909792,0
11/10/2014,22:00,47.02,47.53,47.02,47.48,5898124,0
11/11/2014,22:00,47.60,47.65,47.29,47.44,4563148,0
11/12/2014,22:00,47.22,47.96,47.12,47.90,5018404,0
11/13/2014,22:00,48.09,48.28,47.78,48.06,5417346,0
11/14/2014,22:00,47.74,47.94,47.51,47.75,6406754,0
11/17/2014,22:00,47.69,48.10,47.52,48.03,5930934,0
11/18/2014,22:00,47.99,48.42,47.88,48.24,4803484,0
11/19/2014,22:00,48.25,48.55,48.17,48.47,4586090,0
11/20/2014,22:00,48.31,48.85,48.15,48.65,4822390,0
11/21/2014,22:00,49.35,49.48,48.33,48.71,7016488,0
11/24/2014,22:00,49.08,49.25,48.87,48.97,5081522,0
11/25/2014,22:00,49.15,49.25,48.63,48.65,6177120,0
11/26/2014,22:00,48.51,48.94,48.51,48.90,3948758,0
11/28/2014,22:00,49.17,49.88,49.12,49.65,3532104,0
12/01/2014,22:00,49.33,49.69,48.83,48.85,5139102,0
12/02/2014,22:00,49.03,49.36,48.85,49.02,4383926,0
12/03/2014,22:00,49.08,49.30,48.76,49.25,3792700,0
12/04/2014,22:00,49.25,49.69,49.03,49.53,4128228,0
12/05/2014,22:00,49.75,49.75,49.42,49.67,3408244,0
12/08/2014,22:00,49.53,49.53,48.65,48.86,5158048,0
12/09/2014,22:00,48.53,48.70,47.99,48.51,6003768,0
12/10/2014,22:00,48.64,49.12,48.23,48.83,6457796,0
12/11/2014,22:00,49.06,49.30,48.42,48.47,8723644,0
12/12/2014,22:00,48.15,48.94,48.08,48.08,8263384,0
12/15/2014,22:00,48.22,48.47,47.39,47.72,10152694,0
12/16/2014,22:00,47.67,47.71,46.49,46.60,14614484,0
12/17/2014,22:00,46.87,47.38,46.45,47.25,11205120,0
12/18/2014,22:00,48.13,48.54,47.53,48.54,18960746,0
12/19/2014,22:00,47.75,48.14,46.42,47.42,27001968,0
12/22/2014,22:00,47.56,47.97,47.51,47.97,7662188,0
12/23/2014,22:00,48.00,48.26,47.79,47.99,5252446,0
12/24/2014,22:00,48.13,48.67,48.04,48.15,2441840,0
12/26/2014,22:00,48.26,48.60,48.13,48.42,3144718,0
12/29/2014,22:00,48.30,48.83,48.30,48.65,4017734,0
12/30/2014,22:00,48.44,48.65,48.31,48.44,4146858,0
12/31/2014,22:00,48.49,48.81,48.02,48.08,4697456,0
01/02/2015,22:00,48.28,48.47,47.06,47.51,4985756,0
01/05/2015,22:00,47.28,47.28,46.56,46.75,6889172,0
01/06/2015,22:00,46.75,47.08,46.03,46.47,7576058,0
01/07/2015,22:00,46.63,47.65,46.55,47.44,7256056,0
01/08/2015,22:00,47.83,48.55,47.81,48.53,5997244,0
01/09/2015,22:00,48.47,48.49,47.80,47.99,4688920,0
01/12/2015,22:00,47.96,48.26,47.62,47.93,5630866,0
01/13/2015,22:00,48.17,48.72,47.31,47.51,6182188,0
01/14/2015,22:00,46.69,47.19,46.46,46.85,6750368,0
01/15/2015,22:00,47.31,47.34,46.28,46.40,4234950,0
01/16/2015,22:00,46.38,46.56,46.01,46.49,8769998,0
01/20/2015,22:00,46.72,46.94,46.31,46.81,9403824,0
01/21/2015,22:00,46.56,47.06,46.51,46.76,5854060,0
01/22/2015,22:00,47.17,48.06,46.78,47.92,6952332,0
01/23/2015,22:00,48.07,48.38,47.83,48.08,6781006,0
01/26/2015,22:00,48.00,48.23,47.78,48.17,4964092,0
01/27/2015,22:00,47.65,47.72,47.06,47.25,6696864,0
01/28/2015,22:00,47.50,47.66,46.63,46.65,6402676,0
01/29/2015,22:00,46.83,47.44,46.58,47.44,6802386,0
01/30/2015,22:00,46.96,47.18,46.05,46.13,8106318,0
02/02/2015,22:00,46.34,46.35,45.38,45.96,8056556,0
02/03/2015,22:00,46.12,46.69,46.01,46.67,7940116,0
02/04/2015,22:00,46.38,46.63,46.13,46.27,7187314,0
02/05/2015,22:00,46.44,46.79,46.28,46.67,5754348,0
02/06/2015,22:00,46.70,46.74,45.77,45.90,7381798,0
02/09/2015,22:00,45.75,45.85,45.35,45.58,7339396,0
02/10/2015,22:00,45.87,46.55,45.61,46.38,7694606,0
02/11/2015,22:00,46.17,46.38,45.47,45.65,8540992,0
02/12/2015,22:00,45.73,46.33,45.40,46.00,11855786,0
02/13/2015,22:00,46.01,46.28,45.95,46.02,7695562,0
02/17/2015,22:00,45.87,46.45,45.86,45.93,7370956,0
02/18/2015,22:00,45.77,46.88,45.72,46.81,8143716,0
02/19/2015,22:00,46.74,47.13,46.74,46.85,6605232,0
02/20/2015,22:00,46.81,47.65,46.67,47.47,7397950,0
02/23/2015,22:00,47.46,47.62,47.14,47.51,4622226,0
02/24/2015,22:00,47.28,47.77,47.28,47.71,5239428,0
02/25/2015,22:00,47.71,48.60,47.71,48.41,7053554,0
02/26/2015,22:00,48.33,48.67,48.33,48.49,5934942,0
02/27/2015,22:00,48.49,48.70,48.31,48.56,7118676,0
03/02/2015,22:00,48.44,49.43,48.38,49.38,11024948,0
03/03/2015,22:00,49.22,49.24,48.56,48.99,7038466,0
03/04/2015,22:00,48.83,48.94,48.48,48.76,4853074,0
03/05/2015,22:00,48.98,49.34,48.90,49.23,6633694,0
03/06/2015,22:00,49.23,49.35,48.30,48.46,7174696,0
03/09/2015,22:00,48.54,48.91,48.47,48.72,5938868,0
03/10/2015,22:00,48.21,48.49,48.13,48.26,7095986,0
03/11/2015,22:00,48.19,48.54,47.59,47.67,7484130,0
03/12/2015,22:00,47.75,48.55,47.69,48.52,5809796,0
03/13/2015,22:00,48.52,48.74,47.65,47.90,7396106,0
03/16/2015,22:00,48.10,48.40,47.97,48.22,8497008,0
03/17/2015,22:00,48.07,48.39,47.76,48.27,6408236,0
03/18/2015,22:00,48.27,48.94,47.81,48.76,8855660,0
03/19/2015,22:00,48.90,49.31,48.60,49.16,13536086,0
03/20/2015,22:00,51.31,51.90,50.63,50.99,29779820,0
03/23/2015,22:00,50.78,51.30,50.60,50.73,10471888,0
03/24/2015,22:00,50.53,50.83,50.30,50.33,7598814,0
03/25/2015,22:00,50.41,50.59,49.47,49.49,8133494,0
03/26/2015,22:00,49.17,50.04,48.83,49.67,9479732,0
03/27/2015,22:00,49.56,50.09,49.56,49.94,4403500,0
03/30/2015,22:00,50.62,50.78,50.27,50.44,5435458,0
03/31/2015,22:00,50.44,50.92,50.15,50.17,6309234,0
04/01/2015,22:00,50.00,50.14,49.17,49.78,6605356,0
04/02/2015,22:00,50.02,50.16,49.70,49.83,3840442,0
04/06/2015,22:00,49.38,50.31,49.28,49.87,5027514,0
04/07/2015,22:00,49.83,50.13,49.74,49.81,3993638,0
04/08/2015,22:00,50.00,50.49,49.86,50.42,6522368,0
04/09/2015,22:00,50.49,50.85,50.30,50.36,5300988,0
04/10/2015,22:00,50.46,50.54,49.97,49.99,5918122,0
04/13/2015,22:00,49.99,50.03,49.53,49.63,7313732,0
04/14/2015,22:00,49.53,49.90,49.35,49.76,4770844,0
04/15/2015,22:00,50.33,50.37,49.87,49.92,5716284,0
04/16/2015,22:00,49.72,50.08,49.70,49.95,4103938,0
04/17/2015,22:00,49.58,49.69,49.07,49.28,6049532,0
04/20/2015,22:00,49.58,50.17,49.51,49.99,6208572,0
04/21/2015,22:00,50.38,50.42,49.86,50.15,5125302,0
04/22/2015,22:00,50.15,50.19,49.65,50.08,3905790,0
04/23/2015,22:00,49.89,50.80,49.72,50.56,4668126,0
04/24/2015,22:00,50.23,50.64,50.10,50.47,4333902,0
04/27/2015,22:00,50.63,51.00,50.38,50.47,5158348,0
04/28/2015,22:00,50.40,50.40,49.60,49.93,6031624,0
04/29/2015,22:00,49.72,50.24,49.63,50.08,5395124,0
04/30/2015,22:00,49.88,50.26,49.23,49.42,6496960,0
05/01/2015,22:00,49.94,50.41,49.71,50.39,6683498,0
05/04/2015,22:00,50.50,50.60,50.24,50.42,4557780,0
05/05/2015,22:00,50.22,50.44,50.13,50.21,5104504,0
05/06/2015,22:00,50.21,50.50,49.84,50.11,5396500,0
05/07/2015,22:00,50.22,50.79,50.01,50.72,5526328,0
05/08/2015,22:00,51.15,51.65,51.15,51.22,5534780,0
05/11/2015,22:00,51.21,51.61,51.04,51.40,5339820,0
05/12/2015,22:00,50.99,51.35,50.80,51.19,4676460,0
05/13/2015,22:00,51.35,51.37,50.90,51.08,4508286,0
05/14/2015,22:00,51.47,51.75,51.15,51.72,5433374,0
05/15/2015,22:00,51.83,52.51,51.69,52.49,7865296,0
05/18/2015,22:00,52.56,52.75,52.21,52.38,5045232,0
05/19/2015,22:00,52.31,52.59,52.17,52.32,5971288,0
05/20/2015,22:00,52.44,52.58,52.10,52.31,5400302,0
05/21/2015,22:00,52.44,52.60,52.12,52.20,5455100,0
05/22/2015,22:00,52.60,52.61,52.02,52.22,5654776,0
05/26/2015,22:00,52.22,52.38,51.59,51.71,5691368,0
05/27/2015,22:00,51.74,51.96,51.15,51.42,8896744,0
05/28/2015,22:00,51.15,51.47,50.76,51.15,5781666,0
05/29/2015,22:00,51.15,51.19,50.52,50.83,5562280,0
06/01/2015,22:00,50.88,51.15,50.72,50.88,4944150,0
06/02/2015,22:00,50.90,51.35,50.75,51.06,4974676,0
06/03/2015,22:00,51.15,51.54,50.88,51.26,4766704,0
06/04/2015,22:00,51.03,51.65,50.81,50.97,4467168,0
06/05/2015,22:00,50.75,51.13,50.56,51.01,3791746,0
06/08/2015,22:00,50.80,50.94,50.69,50.72,4314090,0
06/09/2015,22:00,50.74,50.96,50.39,50.67,3476844,0
06/10/2015,22:00,50.92,52.01,50.83,51.67,6270398,0
06/11/2015,22:00,52.54,52.56,51.74,51.94,6178028,0
06/12/2015,22:00,51.78,52.05,51.60,51.89,4133038,0
06/15/2015,22:00,51.55,51.92,51.37,51.67,4901994,0
06/16/2015,22:00,51.74,52.49,51.72,52.28,5034098,0
06/17/2015,22:00,52.37,52.58,52.04,52.38,4072494,0
06/18/2015,22:00,52.51,53.33,52.51,53.00,5690530,0
06/19/2015,22:00,53.01,53.42,52.97,53.26,7285558,0
06/22/2015,22:00,53.43,53.72,53.33,53.40,4186666,0
06/23/2015,22:00,53.60,53.63,53.41,53.60,5934286,0
06/24/2015,22:00,53.60,53.69,53.02,53.11,5056198,0
06/25/2015,22:00,53.40,53.40,52.33,52.61,10811370,0
06/26/2015,22:00,54.19,55.17,54.19,54.85,20287620,0
06/29/2015,22:00,54.63,54.74,53.83,53.83,9004902,0
06/30/2015,22:00,54.42,54.44,53.90,54.01,7531108,0
07/01/2015,22:00,54.47,54.72,54.29,54.72,5923952,0
07/02/2015,22:00,54.96,55.37,54.54,54.94,5900022,0
07/06/2015,22:00,54.54,55.26,54.51,54.92,4991324,0
07/07/2015,22:00,55.04,55.67,54.53,55.65,7207070,0
07/08/2015,22:00,55.11,55.38,54.50,54.63,6733634,0
07/09/2015,22:00,55.12,55.46,54.60,54.72,6168402,0
07/10/2015,22:00,55.26,55.40,54.50,55.26,5160156,0
07/13/2015,22:00,55.62,56.28,55.40,56.21,5047642,0
07/14/2015,22:00,56.42,56.53,55.96,56.17,5561468,0
07/15/2015,22:00,56.00,56.19,55.85,55.95,5017136,0
07/16/2015,22:00,56.38,56.45,55.92,56.17,4335714,0
07/17/2015,22:00,56.19,56.49,55.95,56.40,4545314,0
07/20/2015,22:00,56.63,56.78,56.41,56.56,5978202,0
07/21/2015,22:00,56.49,56.78,56.36,56.49,4626320,0
07/22/2015,22:00,56.44,57.11,56.44,57.04,5954128,0
07/23/2015,22:00,57.25,57.35,56.91,57.00,6714788,0
07/24/2015,22:00,57.09,57.09,56.24,56.49,5967242,0
07/27/2015,22:00,56.20,56.46,55.47,55.87,6648060,0
07/28/2015,22:00,56.03,56.96,55.92,56.74,6948236,0
07/29/2015,22:00,56.79,57.67,56.75,57.46,6839892,0
07/30/2015,22:00,57.47,57.70,56.97,57.51,5594062,0
07/31/2015,22:00,57.75,57.97,57.42,57.61,5078650,0
08/03/2015,22:00,57.76,58.00,56.79,57.42,4991998,0
08/04/2015,22:00,57.47,57.97,57.17,57.88,5228992,0
08/05/2015,22:00,58.31,58.86,58.17,58.38,6853064,0
08/06/2015,22:00,58.50,58.75,57.19,57.56,6211466,0
08/07/2015,22:00,57.36,57.48,56.55,57.26,5907890,0
08/10/2015,22:00,57.69,58.08,57.42,57.68,4613264,0
08/11/2015,22:00,57.07,57.49,56.81,57.23,5107412,0
08/12/2015,22:00,56.77,56.88,55.33,56.53,7174684,0
08/13/2015,22:00,56.63,57.26,56.47,56.80,5907732,0
08/14/2015,22:00,56.79,57.28,56.56,57.18,4686134,0
08/17/2015,22:00,57.06,57.56,56.54,57.49,3917460,0
08/18/2015,22:00,57.56,57.84,57.29,57.41,3671450,0
08/19/2015,22:00,57.00,58.03,56.78,57.48,6216434,0
08/20/2015,22:00,56.85,57.22,56.12,56.15,6536846,0
08/21/2015,22:00,55.74,55.83,53.42,53.44,15912850,0
08/24/2015,22:00,50.13,53.69,47.25,51.94,19882610,0
08/25/2015,22:00,53.64,53.65,51.74,51.76,13616108,0
08/26/2015,22:00,53.25,54.51,51.99,54.38,15156048,0
08/27/2015,22:00,55.19,56.35,54.81,56.31,13617324,0
08/28/2015,22:00,56.30,56.50,55.82,56.25,7526116,0
08/31/2015,22:00,56.19,56.24,55.62,55.88,7073574,0
09/01/2015,22:00,54.49,54.92,54.01,54.31,9385236,0
09/02/2015,22:00,55.08,55.39,54.60,55.35,8536314,0
09/03/2015,22:00,55.62,56.04,55.21,55.42,6065052,0
09/04/2015,22:00,54.61,55.22,54.47,54.85,7127068,0
09/08/2015,22:00,55.73,55.94,55.11,55.88,5511324,0
09/09/2015,22:00,56.35,56.49,54.81,54.93,6349722,0
09/10/2015,22:00,54.83,55.52,54.47,55.19,7362902,0
09/11/2015,22:00,55.12,55.92,54.99,55.91,5589552,0
09/14/2015,22:00,55.76,56.03,55.57,55.94,6833274,0
09/15/2015,22:00,55.95,57.04,55.40,56.92,7699312,0
09/16/2015,22:00,57.17,57.96,56.92,57.79,8104442,0
09/17/2015,22:00,57.62,58.40,57.28,57.63,8062642,0
09/18/2015,22:00,57.08,57.81,56.88,57.53,18614998,0
09/21/2015,22:00,57.83,58.54,57.38,58.28,8746568,0
09/22/2015,22:00,57.63,58.08,57.19,57.99,7555490,0
09/23/2015,22:00,58.22,58.30,57.60,57.72,9055706,0
09/24/2015,22:00,57.15,57.58,56.75,57.40,14352696,0
09/25/2015,22:00,61.56,62.97,61.35,62.50,36968186,0
09/28/2015,22:00,62.25,62.38,60.42,61.07,16450704,0
09/29/2015,22:00,61.00,61.04,59.53,59.83,14414414,0
09/30/2015,22:00,60.37,61.56,60.37,61.49,9437808,0
10/01/2015,22:00,61.58,61.97,60.64,61.92,8994220,0
10/02/2015,22:00,61.04,62.60,60.78,62.60,9114408,0
10/05/2015,22:00,62.92,63.24,62.04,62.13,9647392,0
10/06/2015,22:00,62.13,62.40,61.29,61.60,7665362,0
10/07/2015,22:00,61.81,62.22,60.50,61.05,10223060,0
10/08/2015,22:00,61.46,62.62,61.33,62.46,7622644,0
10/09/2015,22:00,62.28,62.67,62.04,62.47,6940522,0
10/12/2015,22:00,62.60,63.55,62.51,63.22,5448910,0
10/13/2015,22:00,63.00,63.27,62.79,62.90,6355354,0
10/14/2015,22:00,62.99,63.31,62.69,62.92,6509064,0
10/15/2015,22:00,63.61,64.58,63.48,64.39,10764798,0
10/16/2015,22:00,64.75,65.29,64.43,65.24,9321616,0
10/19/2015,22:00,65.86,66.76,65.56,66.61,12587856,0
10/20/2015,22:00,66.53,66.68,65.99,66.18,9104196,0
10/21/2015,22:00,66.32,66.61,65.92,66.24,5505722,0
10/22/2015,22:00,66.43,66.72,65.29,66.21,9294752,0
10/23/2015,22:00,66.54,66.60,64.46,65.26,10517736,0
10/26/2015,22:00,65.14,66.11,65.14,65.69,6882718,0
10/27/2015,22:00,65.50,65.62,64.83,65.41,6150040,0
10/28/2015,22:00,65.86,66.03,64.96,65.64,7091306,0
10/29/2015,22:00,65.34,65.73,64.98,65.56,4958976,0
10/30/2015,22:00,65.78,65.81,65.04,65.51,7230828,0
11/02/2015,22:00,65.86,66.00,64.73,65.60,6123180,0
11/03/2015,22:00,65.62,65.85,65.34,65.70,5491944,0
11/04/2015,22:00,65.69,65.93,64.94,65.18,5190268,0
11/05/2015,22:00,65.59,66.22,65.23,65.93,5068298,0
11/06/2015,22:00,65.80,66.47,65.68,65.89,4837624,0
11/09/2015,22:00,65.63,65.71,64.64,65.24,6181194,0
11/10/2015,22:00,65.04,65.35,64.76,65.00,5287416,0
11/11/2015,22:00,65.14,65.29,63.64,63.71,8578050,0
11/12/2015,22:00,63.50,64.00,62.71,62.99,9387950,0
11/13/2015,22:00,62.54,62.61,60.58,60.93,16370976,0
11/16/2015,22:00,60.90,61.74,60.67,61.73,9146492,0
11/17/2015,22:00,61.53,61.80,60.21,61.29,10581526,0
11/18/2015,22:00,61.52,63.01,61.33,62.89,10597700,0
11/19/2015,22:00,63.08,63.49,62.69,62.89,8557562,0
11/20/2015,22:00,66.04,66.40,65.24,66.32,19064750,0
11/23/2015,22:00,66.41,66.50,65.89,66.23,7135562,0
11/24/2015,22:00,65.82,66.49,65.63,66.25,5311542,0
11/25/2015,22:00,66.54,67.28,66.51,67.07,6989012,0
11/27/2015,22:00,67.46,67.65,66.67,67.17,4528234,0
11/30/2015,22:00,66.96,67.10,65.82,66.14,8738868,0
12/01/2015,22:00,66.06,66.71,65.96,66.65,6857084,0
12/02/2015,22:00,66.43,66.61,66.05,66.32,7965540,0
12/03/2015,22:00,66.56,66.68,64.50,64.56,10649740,0
12/04/2015,22:00,64.90,66.46,64.90,66.17,7410410,0
12/07/2015,22:00,66.38,66.45,65.31,65.80,6189962,0
12/08/2015,22:00,65.43,66.37,65.21,65.85,5605710,0
12/09/2015,22:00,65.38,65.77,63.87,64.42,7442890,0
12/10/2015,22:00,64.36,64.82,64.00,64.32,5682544,0
12/11/2015,22:00,63.81,63.87,62.83,63.15,8276024,0
12/14/2015,22:00,63.33,64.17,63.06,63.93,7991328,0
12/15/2015,22:00,64.80,65.00,64.18,64.31,6869524,0
12/16/2015,22:00,64.68,65.60,64.41,65.46,7542148,0
12/17/2015,22:00,65.85,65.93,65.04,65.11,7400800,0
12/18/2015,22:00,64.86,65.27,64.18,64.26,13804660,0
12/21/2015,22:00,64.84,65.15,64.31,64.90,8972684,0
12/22/2015,22:00,65.74,65.93,64.91,65.93,17218398,0
12/23/2015,22:00,68.12,68.19,63.91,64.36,57319300,0
12/24/2015,22:00,64.55,64.73,62.15,63.18,13890843,0
12/28/2015,22:00,63.21,63.88,62.80,63.81,8786830,0
12/29/2015,22:00,64.31,64.48,64.02,64.26,6708638,0
12/30/2015,22:00,64.36,64.40,63.17,63.25,5817947,0
12/31/2015,22:00,63.15,63.17,62.50,62.50,6454656,0
01/04/2016,22:00,61.11,61.91,60.86,61.52,11626813,0
01/05/2016,22:00,61.72,62.59,61.72,62.38,9220645,0
01/06/2016,22:00,61.30,62.04,61.15,61.49,6551556,0
01/07/2016,22:00,60.39,61.26,59.78,59.85,10881313,0
01/08/2016,22:00,60.06,60.79,58.66,58.87,11191253,0
01/11/2016,22:00,58.97,60.04,58.53,59.55,12824968,0
01/12/2016,22:00,60.35,60.82,59.57,59.94,8292167,0
01/13/2016,22:00,60.53,60.53,58.67,58.78,9944268,0
01/14/2016,22:00,59.00,59.35,57.28,58.51,9989036,0
01/15/2016,22:00,56.93,58.14,56.59,57.56,12208250,0
01/19/2016,22:00,58.19,59.07,57.67,58.32,9924279,0
01/20/2016,22:00,57.25,59.59,56.75,59.04,16234233,0
01/21/2016,22:00,59.08,61.16,59.06,60.56,16121599,0
01/22/2016,22:00,61.29,61.47,60.59,60.88,8430089,0
01/25/2016,22:00,61.09,61.30,60.62,60.70,10383418,0
01/26/2016,22:00,60.49,61.37,60.27,61.11,8005226,0
01/27/2016,22:00,60.96,61.10,59.20,59.58,8593736,0
01/28/2016,22:00,60.32,61.60,59.98,61.20,10207035,0
01/29/2016,22:00,61.20,62.16,61.20,62.01,10475161,0
02/01/2016,22:00,61.75,63.47,61.70,63.16,8247810,0
02/02/2016,22:00,63.02,63.50,62.31,62.55,9458486,0
02/03/2016,22:00,62.88,62.90,61.30,62.49,7213516,0
02/04/2016,22:00,62.02,62.16,59.99,60.17,10455716,0
02/05/2016,22:00,59.76,59.84,56.97,57.17,14415858,0
02/08/2016,22:00,56.10,56.21,53.64,55.04,21214515,0
02/09/2016,22:00,54.50,56.62,54.28,55.68,10915657,0
02/10/2016,22:00,56.54,58.18,55.93,57.41,13376815,0
02/11/2016,22:00,56.46,56.91,55.39,56.00,13090937,0
02/12/2016,22:00,57.37,57.45,55.50,56.42,10229492,0
02/16/2016,22:00,57.57,58.00,56.82,57.79,8057969,0
02/17/2016,22:00,58.60,58.60,57.10,58.17,10332698,0
02/18/2016,22:00,58.17,58.96,57.98,58.60,9658703,0
02/19/2016,22:00,58.50,59.31,57.63,59.31,10080086,0
02/22/2016,22:00,59.65,60.47,59.26,60.17,11523446,0
02/23/2016,22:00,60.26,60.74,59.89,60.21,7504589,0
02/24/2016,22:00,59.74,60.69,59.20,60.40,10390838,0
02/25/2016,22:00,60.68,62.38,60.63,62.38,8524250,0
02/26/2016,22:00,62.64,63.49,62.47,62.60,8896102,0
02/29/2016,22:00,62.46,62.68,61.58,61.59,7720619,0
03/01/2016,22:00,61.97,63.10,61.75,62.92,7438258,0
03/02/2016,22:00,62.52,62.89,61.50,62.22,8465840,0
03/03/2016,22:00,62.05,62.20,60.92,61.47,7924362,0
03/04/2016,22:00,61.42,61.54,60.38,61.26,7279438,0
03/07/2016,22:00,61.07,61.14,58.79,59.25,12829552,0
03/08/2016,22:00,59.03,60.60,58.71,59.81,9307915,0
03/09/2016,22:00,59.58,59.62,57.95,58.33,12766907,0
03/10/2016,22:00,58.70,59.04,57.97,58.88,9402576,0
03/11/2016,22:00,59.13,60.44,59.13,60.08,8834380,0
03/14/2016,22:00,60.19,61.33,60.10,60.81,7090509,0
03/15/2016,22:00,60.50,61.75,60.35,61.40,6188824,0
03/16/2016,22:00,61.47,62.23,61.29,61.86,7018279,0
03/17/2016,22:00,61.76,63.38,61.74,63.18,9926830,0
03/18/2016,22:00,63.55,63.97,62.85,62.99,13192883,0
03/21/2016,22:00,63.55,65.29,63.40,64.72,13635416,0
03/22/2016,22:00,64.83,65.44,64.17,64.90,18212861,0
03/23/2016,22:00,61.33,63.45,61.15,62.44,26987016,0
03/24/2016,22:00,62.06,62.14,61.12,61.65,12231325,0
03/28/2016,22:00,61.58,61.98,61.25,61.34,7898992,0
03/29/2016,22:00,61.26,61.90,61.25,61.49,7837765,0
03/30/2016,22:00,61.77,62.41,61.77,62.04,7859341,0
03/31/2016,22:00,61.99,62.64,61.31,61.47,8257807,0
04/01/2016,22:00,61.22,61.82,61.15,61.59,7555272,0
04/04/2016,22:00,61.73,61.85,59.42,59.97,16523442,0
04/05/2016,22:00,59.62,60.17,59.44,59.67,7554009,0
04/06/2016,22:00,59.60,60.68,59.19,60.31,10201539,0
04/07/2016,22:00,59.79,60.58,59.71,60.30,7092947,0
04/08/2016,22:00,60.49,60.56,59.32,59.42,8761653,0
04/11/2016,22:00,59.73,59.78,57.82,57.92,12593383,0
04/12/2016,22:00,58.00,58.62,56.89,58.55,12471148,0
04/13/2016,22:00,59.02,59.95,58.83,59.58,10629071,0
04/14/2016,22:00,59.71,60.34,59.44,59.49,7785161,0
04/15/2016,22:00,59.02,59.59,58.39,59.50,7653565,0
04/18/2016,22:00,59.38,60.00,59.38,59.57,6075932,0
04/19/2016,22:00,59.96,59.99,59.33,59.56,6594446,0
04/20/2016,22:00,59.43,60.24,59.43,59.62,7177508,0
04/21/2016,22:00,60.53,60.53,59.71,60.08,7156668,0
04/22/2016,22:00,60.18,60.22,58.97,59.43,8294326,0
04/25/2016,22:00,59.34,59.42,58.76,59.21,6117737,0
04/26/2016,22:00,59.31,59.97,59.27,59.54,5582155,0
04/27/2016,22:00,59.63,59.73,58.63,59.27,8094578,0
04/28/2016,22:00,58.95,59.89,58.42,58.54,6028575,0
04/29/2016,22:00,58.41,59.09,58.10,58.94,8178658,0
05/02/2016,22:00,59.09,59.74,58.99,59.59,8647783,0
05/03/2016,22:00,59.24,59.85,59.03,59.52,8061257,0
05/04/2016,22:00,59.23,59.96,58.82,59.11,8062777,0
05/05/2016,22:00,58.94,58.98,58.00,58.19,7845960,0
05/06/2016,22:00,58.16,58.44,57.38,58.43,7307963,0
05/09/2016,22:00,58.59,59.19,58.45,58.72,5604923,0
05/10/2016,22:00,58.61,59.99,58.61,59.20,7600153,0
05/11/2016,22:00,58.50,58.68,56.85,57.01,12822988,0
05/12/2016,22:00,57.52,58.34,57.31,57.99,8083739,0
05/13/2016,22:00,57.74,58.12,57.28,57.31,7393628,0
05/16/2016,22:00,57.27,57.53,56.63,57.14,8045888,0
05/17/2016,22:00,57.15,57.38,56.65,57.10,7620685,0
05/18/2016,22:00,56.76,56.87,55.67,56.12,11532822,0
05/19/2016,22:00,55.82,57.30,55.67,57.04,9376468,0
05/20/2016,22:00,55.88,57.06,55.41,56.48,13745298,0
05/23/2016,22:00,56.60,56.97,55.95,55.99,7780729,0
05/24/2016,22:00,56.05,56.77,55.86,56.59,11098667,0
05/25/2016,22:00,56.47,56.69,55.77,55.99,9921707,0
05/26/2016,22:00,56.05,56.36,55.60,55.84,9063054,0
05/27/2016,22:00,56.17,56.53,55.98,56.19,8525892,0
05/31/2016,22:00,56.41,56.47,55.17,55.22,14233551,0
06/01/2016,22:00,53.33,55.04,52.92,54.93,28409319,0
06/02/2016,22:00,54.22,54.67,54.22,54.53,13901685,0
06/03/2016,22:00,54.29,54.57,53.40,53.45,17265816,0
06/06/2016,22:00,53.77,54.54,53.69,54.30,13808332,0
06/07/2016,22:00,54.16,54.35,53.55,53.55,13333980,0
06/08/2016,22:00,53.83,54.34,53.66,54.12,12068525,0
06/09/2016,22:00,54.11,55.05,53.88,54.94,11609794,0
06/10/2016,22:00,54.64,55.36,54.55,55.11,12183598,0
06/13/2016,22:00,55.00,55.64,54.88,54.91,8582181,0
06/14/2016,22:00,54.58,54.94,54.08,54.12,9585598,0
06/15/2016,22:00,54.24,55.06,54.24,54.31,7498386,0
06/16/2016,22:00,53.54,53.64,52.94,53.47,14456484,0
06/17/2016,22:00,53.45,53.87,53.16,53.71,11007105,0
06/20/2016,22:00,54.23,55.15,54.23,54.36,8429371,0
06/21/2016,22:00,54.46,55.09,54.44,54.77,8278214,0
06/22/2016,22:00,55.00,55.14,54.53,54.57,7019646,0
06/23/2016,22:00,55.11,55.18,53.95,54.12,11219782,0
06/24/2016,22:00,52.36,53.36,52.18,52.59,18481189,0
06/27/2016,22:00,52.00,52.52,51.47,51.89,15374062,0
06/28/2016,22:00,52.04,53.19,51.57,53.09,20837781,0
06/29/2016,22:00,54.50,55.14,52.89,55.13,36084771,0
06/30/2016,22:00,55.29,55.43,54.60,55.20,17350521,0
07/01/2016,22:00,55.07,55.81,54.91,55.61,9285096,0
07/05/2016,22:00,55.34,55.91,55.01,55.20,10256124,0
07/06/2016,22:00,54.88,55.81,54.82,55.80,7863399,0
07/07/2016,22:00,55.80,55.97,55.56,55.92,6947979,0
07/08/2016,22:00,56.10,56.82,56.09,56.72,8645942,0
07/11/2016,22:00,56.83,57.23,56.71,56.83,8122521,0
07/12/2016,22:00,57.09,58.20,57.07,58.06,11164368,0
07/13/2016,22:00,58.18,58.44,57.73,57.99,9126459,0
07/14/2016,22:00,58.30,58.60,58.15,58.49,7488355,0
07/15/2016,22:00,58.59,58.87,57.87,57.87,9225206,0
07/18/2016,22:00,58.00,58.16,57.74,57.74,6478896,0
07/19/2016,22:00,57.46,57.77,57.15,57.76,7442696,0
07/20/2016,22:00,57.99,58.10,57.74,57.76,5872418,0
07/21/2016,22:00,57.99,58.03,56.57,56.99,8317259,0
07/22/2016,22:00,56.82,56.96,56.42,56.73,8614746,0
07/25/2016,22:00,56.87,57.15,56.46,57.14,7256291,0
07/26/2016,22:00,57.21,57.87,56.25,56.37,8546691,0
07/27/2016,22:00,56.50,57.00,55.47,55.79,10295407,0
07/28/2016,22:00,55.59,55.81,54.98,55.45,9574064,0
07/29/2016,22:00,55.27,55.66,55.21,55.50,6353444,0
08/01/2016,22:00,55.73,55.87,55.30,55.41,6268392,0
08/02/2016,22:00,55.23,55.28,54.78,54.92,7145600,0
08/03/2016,22:00,54.55,55.19,54.28,54.75,9687312,0
08/04/2016,22:00,54.96,55.57,54.65,54.79,8678103,0
08/05/2016,22:00,55.32,56.06,55.17,55.85,7512502,0
08/08/2016,22:00,56.13,56.39,55.68,55.98,6306977,0
08/09/2016,22:00,56.08,56.24,55.69,55.77,8044357,0
08/10/2016,22:00,55.95,56.18,55.07,55.13,6881449,0
08/11/2016,22:00,55.63,56.89,55.48,56.73,9539467,0
08/12/2016,22:00,56.70,56.76,56.13,56.45,5393354,0
08/15/2016,22:00,56.65,57.06,56.62,56.77,4836335,0
08/16/2016,22:00,56.80,57.03,56.42,56.88,4901794,0
08/17/2016,22:00,56.87,56.97,56.54,56.86,7340541,0
08/18/2016,22:00,56.99,57.46,56.90,57.21,6043620,0
08/19/2016,22:00,57.40,59.14,57.25,58.90,15987096,0
08/22/2016,22:00,58.82,59.46,58.65,58.66,8265962,0
08/23/2016,22:00,58.80,59.80,58.80,59.62,8222759,0
08/24/2016,22:00,59.89,60.33,59.72,60.22,11379038,0
08/25/2016,22:00,60.01,60.15,59.03,59.24,8713898,0
08/26/2016,22:00,58.57,59.20,58.30,59.00,9994300,0
08/29/2016,22:00,59.20,59.25,58.53,58.63,5831027,0
08/30/2016,22:00,58.46,58.76,57.85,58.00,6344565,0
08/31/2016,22:00,58.24,58.28,57.19,57.64,7723638,0
09/01/2016,22:00,57.67,58.55,57.53,58.54,8224952,0
09/02/2016,22:00,58.63,59.18,57.99,58.02,6933123,0
09/06/2016,22:00,58.25,58.38,57.21,57.41,9771751,0
09/07/2016,22:00,57.48,57.78,57.01,57.72,7536144,0
09/08/2016,22:00,56.88,57.27,56.11,56.17,12741924,0
09/09/2016,22:00,55.88,56.00,55.26,55.33,11310403,0
09/12/2016,22:00,55.00,56.12,54.95,56.01,7470941,0
09/13/2016,22:00,55.86,55.94,55.12,55.37,7359422,0
09/14/2016,22:00,55.16,55.56,54.93,55.13,7621197,0
09/15/2016,22:00,55.00,55.54,54.81,55.47,6316251,0
09/16/2016,22:00,55.24,55.36,55.05,55.18,11715439,0
09/19/2016,22:00,55.38,55.47,54.93,54.95,7671328,0
09/20/2016,22:00,55.26,55.44,54.76,54.87,8562999,0
09/21/2016,22:00,55.02,55.38,54.61,55.34,8041695,0
09/22/2016,22:00,55.47,55.98,55.24,55.41,8052393,0
09/23/2016,22:00,55.02,55.71,54.91,55.15,8921732,0
09/26/2016,22:00,54.80,55.00,54.08,54.40,11629568,0
09/27/2016,22:00,54.25,55.54,53.90,55.34,17945212,0
09/28/2016,22:00,54.60,55.00,52.80,53.25,33213008,0
09/29/2016,22:00,52.92,53.58,52.12,52.16,16993949,0
09/30/2016,22:00,52.57,53.06,52.28,52.65,12940220,0
10/03/2016,22:00,52.54,53.00,52.42,52.67,7632543,0
10/04/2016,22:00,52.90,53.06,52.08,52.14,10737412,0
10/05/2016,22:00,52.15,52.64,52.10,52.12,7244125,0
10/06/2016,22:00,52.20,52.33,51.97,52.03,9391723,0
10/07/2016,22:00,52.42,52.46,51.68,51.79,8407084,0
10/10/2016,22:00,52.13,52.25,51.77,51.79,5469323,0
10/11/2016,22:00,51.95,52.25,51.52,51.82,9203523,0
10/12/2016,22:00,52.01,52.71,51.80,52.44,9301264,0
10/13/2016,22:00,52.12,52.32,51.50,52.03,8425755,0
10/14/2016,22:00,52.38,52.50,51.62,51.62,7133784,0
10/17/2016,22:00,51.65,51.75,50.96,51.03,7904002,0
10/18/2016,22:00,51.30,51.66,51.19,51.22,6805166,0
10/19/2016,22:00,51.34,51.84,51.14,51.80,6998963,0
10/20/2016,22:00,51.77,52.36,51.69,51.89,6590489,0
10/21/2016,22:00,51.74,51.87,51.25,51.77,9161003,0
10/24/2016,22:00,52.16,52.29,51.83,51.87,7578184,0
10/25/2016,22:00,50.97,51.44,50.71,51.05,14975302,0
10/26/2016,22:00,51.04,52.27,50.90,51.97,12401117,0
10/27/2016,22:00,52.34,52.34,51.69,51.89,7939188,0
10/28/2016,22:00,52.12,52.50,51.79,52.02,9096719,0
10/31/2016,22:00,50.88,51.15,50.00,50.18,17931262,0
11/01/2016,22:00,50.50,50.51,49.14,49.62,14100431,0
11/02/2016,22:00,49.24,50.27,49.01,49.72,10775938,0
11/03/2016,22:00,49.98,50.00,49.31,49.73,7678690,0
11/04/2016,22:00,49.80,50.45,49.76,49.96,9925196,0
11/07/2016,22:00,50.48,50.93,50.28,50.91,8358692,0
11/08/2016,22:00,51.10,51.49,50.95,51.08,8111362,0
11/09/2016,22:00,50.07,51.27,49.80,51.12,9058575,0
11/10/2016,22:00,51.29,51.37,50.33,50.39,12316075,0
11/11/2016,22:00,50.22,50.85,50.18,50.77,6300607,0
11/14/2016,22:00,51.18,51.19,50.21,50.21,8063943,0
11/15/2016,22:00,50.46,50.64,49.75,50.13,9299754,0
11/16/2016,22:00,50.00,50.80,49.95,50.68,6760291,0
11/17/2016,22:00,50.94,51.67,50.72,51.59,7671568,0
11/18/2016,22:00,51.39,51.89,50.96,51.10,7461602,0
11/21/2016,22:00,51.00,51.42,50.95,51.28,5357204,0
11/22/2016,22:00,51.47,51.75,51.05,51.71,5228142,0
11/23/2016,22:00,51.71,51.85,51.20,51.34,4148968,0
11/25/2016,22:00,51.68,51.74,51.35,51.52,2736767,0
11/28/2016,22:00,51.44,51.44,50.61,51.01,8602118,0
11/29/2016,22:00,51.20,51.37,50.57,50.63,6065682,0
11/30/2016,22:00,50.52,50.81,50.07,50.07,8198418,0
12/01/2016,22:00,50.11,51.25,50.06,50.65,7610063,0
12/02/2016,22:00,50.26,50.68,50.10,50.46,6933279,0
12/05/2016,22:00,50.80,52.27,50.70,51.85,12031170,0
12/06/2016,22:00,50.83,51.10,50.26,50.57,12496332,0
12/07/2016,22:00,50.79,52.25,50.60,52.10,10412638,0
12/08/2016,22:00,52.15,52.47,51.45,51.55,9260850,0
12/09/2016,22:00,51.76,51.97,51.50,51.72,5869828,0
12/12/2016,22:00,51.50,51.90,50.94,51.54,11459541,0
12/13/2016,22:00,51.83,53.22,51.83,52.30,11442327,0
12/14/2016,22:00,52.24,52.34,51.59,51.79,8012783,0
12/15/2016,22:00,52.00,52.04,51.09,51.29,9567532,0
12/16/2016,22:00,51.60,51.64,50.67,50.92,13984850,0
12/19/2016,22:00,50.91,51.36,50.48,50.85,9451738,0
12/20/2016,22:00,51.06,51.99,50.75,51.79,15984083,0
12/21/2016,22:00,52.90,53.35,51.55,52.30,23236380,0
12/22/2016,22:00,52.80,53.00,52.03,52.14,11798871,0
12/23/2016,22:00,51.99,52.35,51.67,51.91,9360816,0
12/27/2016,22:00,51.80,52.25,51.20,51.29,8175000,0
12/28/2016,22:00,51.31,51.50,50.87,51.02,6318040,0
12/29/2016,22:00,51.00,51.24,50.88,51.06,4680840,0
12/30/2016,22:00,51.10,51.33,50.70,50.83,7384258,0
01/03/2017,22:00,51.99,52.50,51.77,51.98,13295607,0
01/04/2017,22:00,52.23,53.35,52.09,53.07,13759473,0
01/05/2017,22:00,52.92,53.10,52.44,53.06,8682193,0
01/06/2017,22:00,53.09,54.09,52.98,53.91,12532449,0
01/09/2017,22:00,53.96,53.99,53.22,53.38,8835265,0
01/10/2017,22:00,53.55,53.73,53.11,53.11,8041852,0
01/11/2017,22:00,53.12,53.29,52.67,52.69,8208307,0
01/12/2017,22:00,52.51,52.69,52.16,52.40,7368654,0
01/13/2017,22:00,52.59,52.93,52.23,52.92,6694367,0
01/17/2017,22:00,53.40,53.95,53.01,53.65,9888451,0
01/18/2017,22:00,53.86,53.89,52.86,53.27,6743094,0
01/19/2017,22:00,53.84,53.94,52.89,52.93,8320612,0
01/20/2017,22:00,53.22,53.35,52.90,53.20,7861047,0
01/23/2017,22:00,53.02,53.26,52.72,53.24,7025715,0
01/24/2017,22:00,53.02,53.57,52.99,53.45,6321310,0
01/25/2017,22:00,53.73,54.12,53.69,53.86,6675011,0
01/26/2017,22:00,54.11,54.12,53.36,53.65,6202005,0
01/27/2017,22:00,53.68,54.08,53.03,53.19,7362028,0
01/30/2017,22:00,52.78,53.22,52.41,53.08,9770763,0
01/31/2017,22:00,51.68,52.90,51.63,52.90,12342873,0
02/01/2017,22:00,52.98,53.26,52.61,53.02,8810937,0
02/02/2017,22:00,53.00,53.01,52.48,52.80,7874179,0
02/03/2017,22:00,52.62,52.81,52.25,52.36,8850416,0
02/06/2017,22:00,52.09,52.80,52.05,52.80,7355182,0
02/07/2017,22:00,53.07,53.28,52.67,52.81,6446876,0
02/08/2017,22:00,52.74,53.94,52.70,53.88,9281071,0
02/09/2017,22:00,53.93,55.70,53.93,55.31,14345385,0
02/10/2017,22:00,55.63,56.47,55.63,56.22,14973383,0
02/13/2017,22:00,56.17,56.34,55.75,56.09,7679800,0
02/14/2017,22:00,55.92,56.69,55.83,56.45,8891430,0
02/15/2017,22:00,56.29,56.76,56.21,56.64,6651971,0
02/16/2017,22:00,56.88,56.92,56.10,56.29,8374192,0
02/17/2017,22:00,56.12,56.80,55.86,56.75,12637964,0
02/21/2017,22:00,56.38,57.45,56.20,57.36,10955030,0
02/22/2017,22:00,57.48,58.38,57.36,58.24,10914088,0
02/23/2017,22:00,58.11,58.40,57.27,57.39,12316307,0
02/24/2017,22:00,57.39,58.42,57.07,57.86,9684469,0
02/27/2017,22:00,57.65,57.83,57.35,57.69,4375653,0
02/28/2017,22:00,57.37,57.55,56.85,57.16,7951315,0
03/01/2017,22:00,57.86,58.03,57.33,57.95,8558904,0
03/02/2017,22:00,57.90,58.25,57.65,57.80,6438361,0
03/03/2017,22:00,57.63,57.65,56.51,56.70,9192475,0
03/06/2017,22:00,56.70,56.93,56.53,56.77,6896754,0
03/07/2017,22:00,56.71,56.99,56.02,56.55,7124445,0
03/08/2017,22:00,56.94,56.94,56.31,56.51,7604792,0
03/09/2017,22:00,56.61,56.66,56.09,56.36,6165660,0
03/10/2017,22:00,56.49,56.99,56.26,56.43,8882395,0
03/13/2017,22:00,56.40,56.81,56.11,56.67,7235882,0
03/14/2017,22:00,56.87,58.01,56.72,57.28,9286917,0
03/15/2017,22:00,57.63,57.99,56.75,57.66,10067524,0
03/16/2017,22:00,57.43,57.72,56.83,57.60,9894955,0
03/17/2017,22:00,57.77,57.88,57.31,57.80,10791471,0
03/20/2017,22:00,58.00,58.81,57.96,58.68,13352530,0
03/21/2017,22:00,58.78,59.00,57.72,58.01,15269827,0
03/22/2017,22:00,54.76,55.00,53.76,53.92,37413372,0
03/23/2017,22:00,54.61,55.55,54.52,55.37,23848344,0
03/24/2017,22:00,55.29,56.64,55.12,56.36,14438573,0
03/27/2017,22:00,55.64,56.25,55.54,55.93,8663611,0
03/28/2017,22:00,55.99,56.78,55.79,56.62,7823943,0
03/29/2017,22:00,56.41,57.10,56.35,56.68,7456208,0
03/30/2017,22:00,56.48,56.60,55.81,56.04,7210468,0
03/31/2017,22:00,56.00,56.03,55.65,55.73,5905639,0
04/03/2017,22:00,55.74,55.80,55.15,55.56,7088838,0
04/04/2017,22:00,55.15,55.30,54.83,55.04,8843296,0
04/05/2017,22:00,54.97,55.80,54.50,54.98,7722093,0
04/06/2017,22:00,55.07,55.94,54.94,55.14,6692225,0
04/07/2017,22:00,55.10,55.24,54.77,55.11,6078250,0
04/10/2017,22:00,55.00,55.33,54.72,54.90,5472680,0
04/11/2017,22:00,54.95,55.07,54.55,54.92,4348643,0
04/12/2017,22:00,54.66,55.62,54.50,55.57,8504108,0
04/13/2017,22:00,55.41,55.60,55.26,55.34,5282110,0
04/17/2017,22:00,55.32,56.33,55.25,56.24,7688742,0
04/18/2017,22:00,56.02,56.42,55.80,56.11,5651118,0
04/19/2017,22:00,56.16,56.22,55.74,55.86,5947674,0
04/20/2017,22:00,55.96,56.69,55.88,56.40,6867130,0
04/21/2017,22:00,56.29,56.38,55.68,55.85,6055624,0
04/24/2017,22:00,56.14,56.21,55.47,55.47,10777733,0
04/25/2017,22:00,55.53,55.77,55.41,55.45,8970970,0
04/26/2017,22:00,55.46,55.84,55.12,55.16,10936009,0
04/27/2017,22:00,55.18,55.57,54.91,55.47,8557987,0
04/28/2017,22:00,55.43,55.53,55.14,55.41,6437731,0
05/01/2017,22:00,55.43,55.45,54.98,54.99,4881442,0
05/02/2017,22:00,55.12,55.16,54.79,55.07,7363616,0
05/03/2017,22:00,55.17,55.30,54.40,54.53,9474727,0
05/04/2017,22:00,54.68,54.83,54.20,54.47,6830628,0
05/05/2017,22:00,54.41,54.50,53.56,53.95,13379949,0
05/08/2017,22:00,54.18,54.51,53.83,54.30,8728121,0
05/09/2017,22:00,54.33,55.08,54.16,54.89,6441208,0
05/10/2017,22:00,54.91,55.06,54.51,54.56,5823023,0
05/11/2017,22:00,54.52,54.52,53.40,54.24,6499597,0
05/12/2017,22:00,54.10,54.39,53.79,54.20,5606253,0
05/15/2017,22:00,54.12,54.20,53.68,53.77,8201722,0
05/16/2017,22:00,52.37,53.38,52.12,52.78,14562678,0
05/17/2017,22:00,52.39,52.87,51.80,51.80,18341473,0
05/18/2017,22:00,51.97,52.08,51.30,51.68,22576489,0
05/19/2017,22:00,51.00,52.11,50.81,51.77,20047766,0
05/22/2017,22:00,51.77,51.96,51.40,51.57,13671543,0
05/23/2017,22:00,51.98,52.63,51.88,52.20,11087298,0
05/24/2017,22:00,52.25,52.30,51.74,52.01,9404281,0
05/25/2017,22:00,52.38,52.59,52.21,52.35,7627454,0
05/26/2017,22:00,52.35,52.76,52.23,52.59,5921314,0
05/30/2017,22:00,52.76,53.02,52.64,52.92,8039561,0
05/31/2017,22:00,53.02,53.28,52.71,52.99,8938801,0
06/01/2017,22:00,53.06,53.30,52.21,52.30,13352101,0
06/02/2017,22:00,52.70,53.01,52.36,52.98,18511169,0
06/05/2017,22:00,53.00,53.23,52.70,53.01,5748870,0
06/06/2017,22:00,52.90,53.10,52.43,52.48,8923047,0
06/07/2017,22:00,52.79,53.36,52.75,53.23,7438258,0
06/08/2017,22:00,53.63,54.14,53.15,53.20,7785615,0
06/09/2017,22:00,53.20,53.47,52.80,53.46,8347402,0
06/12/2017,22:00,53.52,54.25,53.50,54.03,9180135,0
06/13/2017,22:00,54.03,54.66,53.84,54.31,8720065,0
06/14/2017,22:00,54.48,54.67,53.95,54.66,6783933,0
06/15/2017,22:00,54.00,54.05,52.73,52.90,16041068,0
06/16/2017,22:00,51.75,51.84,50.79,51.10,25725453,0
06/19/2017,22:00,51.42,52.22,51.40,52.02,11265315,0
06/20/2017,22:00,52.05,52.13,51.10,51.56,10676464,0
06/21/2017,22:00,51.90,52.69,51.90,52.59,13021697,0
06/22/2017,22:00,52.60,52.62,52.09,52.40,10660744,0
06/23/2017,22:00,52.15,52.92,51.67,52.85,8522404,0
06/26/2017,22:00,52.95,53.57,52.67,53.28,7966219,0
06/27/2017,22:00,53.19,53.26,52.64,52.95,7873136,0
06/28/2017,22:00,53.17,53.61,52.96,53.36,7527220,0
06/29/2017,22:00,53.33,53.63,52.99,53.17,14801866,0
06/30/2017,22:00,56.60,59.71,56.50,59.00,46552954,0
07/03/2017,22:00,58.37,59.01,58.33,58.65,9910021,0
07/05/2017,22:00,58.15,58.29,57.51,57.56,16166954,0
07/06/2017,22:00,57.45,57.72,57.00,57.16,9035661,0
07/07/2017,22:00,57.40,58.08,57.03,57.98,8145436,0
07/10/2017,22:00,57.89,58.81,57.68,58.73,8942398,0
07/11/2017,22:00,58.54,58.93,58.04,58.18,7222995,0
07/12/2017,22:00,58.31,58.75,58.10,58.22,7243119,0
07/13/2017,22:00,58.22,58.58,57.93,57.94,8108634,0
07/14/2017,22:00,57.95,58.21,57.64,58.00,6345279,0
07/17/2017,22:00,58.00,58.35,57.76,57.79,6885045,0
07/18/2017,22:00,57.74,58.08,57.47,57.65,4922455,0
07/19/2017,22:00,57.60,57.88,57.39,57.77,4451101,0
07/20/2017,22:00,59.12,59.59,58.80,59.10,11915546,0
07/21/2017,22:00,59.00,60.00,58.91,59.95,11048297,0
07/24/2017,22:00,59.69,59.77,58.76,58.95,7498860,0
07/25/2017,22:00,59.32,59.52,58.92,59.39,5157123,0
07/26/2017,22:00,59.09,59.13,58.32,58.36,5529498,0
07/27/2017,22:00,58.60,58.68,57.99,58.15,8259947,0
07/28/2017,22:00,58.15,58.74,57.97,58.67,5112825,0
07/31/2017,22:00,58.71,59.12,58.33,59.05,6225907,0
08/01/2017,22:00,59.00,59.94,58.90,59.84,9051700,0
08/02/2017,22:00,59.55,59.95,59.27,59.79,4468121,0
08/03/2017,22:00,59.80,60.53,59.64,60.14,5677172,0
08/04/2017,22:00,60.17,60.34,59.63,59.76,4105953,0
08/07/2017,22:00,59.82,60.10,59.71,59.79,4066712,0
08/08/2017,22:00,59.88,60.12,59.36,59.46,5586439,0
08/09/2017,22:00,59.42,59.97,59.26,59.90,5310944,0
08/10/2017,22:00,59.68,59.69,59.06,59.07,5585115,0
08/11/2017,22:00,58.73,59.27,58.59,58.97,4979994,0
08/14/2017,22:00,59.15,60.00,59.13,59.78,5899971,0
08/15/2017,22:00,58.94,59.01,58.29,58.56,8913041,0
08/16/2017,22:00,58.90,59.05,58.22,58.54,5489569,0
08/17/2017,22:00,58.53,58.74,57.42,57.46,9148637,0
08/18/2017,22:00,54.85,55.42,54.17,54.95,22905183,0
08/21/2017,22:00,54.44,54.44,53.10,53.61,14289253,0
08/22/2017,22:00,53.92,54.41,53.79,54.13,8212816,0
08/23/2017,22:00,53.92,54.08,53.44,53.61,6409366,0
08/24/2017,22:00,53.93,53.97,53.46,53.84,5461911,0
08/25/2017,22:00,54.03,54.20,53.54,53.90,6416622,0
08/28/2017,22:00,54.07,54.43,53.62,53.73,5269393,0
08/29/2017,22:00,52.74,52.88,52.06,52.73,12539931,0
08/30/2017,22:00,52.80,52.96,52.25,52.56,7434491,0
08/31/2017,22:00,52.60,52.98,52.47,52.81,7728916,0
09/01/2017,22:00,53.00,53.45,52.90,53.36,5509805,0
09/05/2017,22:00,53.25,53.47,52.88,53.01,6689126,0
09/06/2017,22:00,53.12,53.34,52.71,52.76,7407562,0
09/07/2017,22:00,52.76,52.85,52.34,52.39,6905762,0
09/08/2017,22:00,52.25,52.51,52.11,52.20,8563283,0
09/11/2017,22:00,52.38,53.13,52.32,53.03,8649915,0
09/12/2017,22:00,53.77,54.09,53.30,53.40,7823691,0
09/13/2017,22:00,53.45,53.64,53.04,53.52,6085952,0
09/14/2017,22:00,53.54,53.89,53.12,53.73,7497401,0
09/15/2017,22:00,53.86,54.06,53.52,53.87,10046827,0
09/18/2017,22:00,53.87,54.16,53.40,53.50,8166438,0
09/19/2017,22:00,52.78,54.05,52.51,53.33,14707174,0
09/20/2017,22:00,53.49,53.64,53.04,53.56,7058002,0
09/21/2017,22:00,53.55,53.64,53.09,53.19,8065367,0
09/22/2017,22:00,53.02,53.61,52.80,53.24,10962392,0
09/25/2017,22:00,53.08,53.56,53.00,53.23,12262360,0
09/26/2017,22:00,53.18,53.97,52.98,53.70,16183717,0
09/27/2017,22:00,52.00,52.69,51.03,52.67,36202500,0
09/28/2017,22:00,52.80,53.03,52.33,52.63,11334704,0
09/29/2017,22:00,52.59,52.82,51.76,51.85,12189882,0
10/02/2017,22:00,52.16,52.21,51.66,51.87,7516205,0
10/03/2017,22:00,52.00,52.05,51.40,51.47,8126729,0
10/04/2017,22:00,51.51,52.13,51.40,52.08,8204280,0
10/05/2017,22:00,52.01,52.32,51.78,52.18,5287422,0
10/06/2017,22:00,52.20,52.46,52.12,52.42,5360267,0
10/09/2017,22:00,52.23,52.30,51.50,51.52,6875105,0
10/10/2017,22:00,51.58,51.82,51.37,51.53,8372726,0
10/11/2017,22:00,51.39,51.52,50.83,51.03,9109648,0
10/12/2017,22:00,50.98,51.12,50.35,50.83,10658445,0
10/13/2017,22:00,50.83,51.07,50.40,50.98,16227948,0
10/16/2017,22:00,50.80,51.40,50.64,51.37,9299326,0
10/17/2017,22:00,51.50,52.04,51.38,52.00,9492675,0
10/18/2017,22:00,52.18,52.40,52.10,52.30,10890257,0
10/19/2017,22:00,51.66,52.80,51.48,52.69,12568217,0
10/20/2017,22:00,52.79,53.50,52.79,53.06,13020916,0
10/23/2017,22:00,53.06,53.95,53.00,53.66,12242580,0
10/24/2017,22:00,53.90,54.00,53.10,53.42,14767595,0
10/25/2017,22:00,53.43,55.90,52.67,54.94,24804028,0
10/26/2017,22:00,55.26,57.25,55.14,56.81,22185144,0
10/27/2017,22:00,55.82,56.36,55.65,55.96,12801783,0
10/30/2017,22:00,55.71,55.93,54.84,55.27,10169401,0
10/31/2017,22:00,54.75,55.28,54.52,54.99,9794845,0
11/01/2017,22:00,55.42,55.50,54.85,55.07,7544505,0
11/02/2017,22:00,55.15,55.32,54.59,55.12,7250343,0
11/03/2017,22:00,55.15,55.72,55.04,55.71,9448203,0
11/06/2017,22:00,55.29,56.13,55.14,56.04,9332236,0
11/07/2017,22:00,55.75,56.01,55.02,55.15,7774698,0
11/08/2017,22:00,55.00,55.77,54.89,55.76,7079371,0
11/09/2017,22:00,55.50,56.35,55.31,56.13,10958474,0
11/10/2017,22:00,55.88,56.49,55.62,56.09,7535726,0
11/13/2017,22:00,55.66,56.08,55.66,55.91,10106079,0
11/14/2017,22:00,55.71,56.18,55.53,55.98,5037465,0
11/15/2017,22:00,55.96,56.87,55.08,56.63,6610545,0
11/16/2017,22:00,56.62,57.28,56.41,57.23,8233261,0
11/17/2017,22:00,58.54,59.53,58.37,59.19,15475465,0
11/20/2017,22:00,58.63,59.50,57.98,59.25,8480580,0
11/21/2017,22:00,59.03,59.40,58.93,59.39,9057784,0
11/22/2017,22:00,59.18,59.34,58.94,59.07,8501289,0
11/24/2017,22:00,59.00,59.35,58.91,59.32,3400441,0
11/27/2017,22:00,59.20,59.70,59.17,59.63,7891587,0
11/28/2017,22:00,58.76,59.60,58.54,59.58,8665270,0
11/29/2017,22:00,59.73,60.63,59.73,60.36,12022818,0
11/30/2017,22:00,60.26,61.21,60.20,60.42,12551210,0
12/01/2017,22:00,60.42,60.43,59.24,59.88,10113675,0
12/04/2017,22:00,60.27,60.69,59.97,60.10,7513232,0
12/05/2017,22:00,60.65,60.80,59.65,60.42,8862852,0
12/06/2017,22:00,60.41,60.85,59.70,59.72,7862151,0
12/07/2017,22:00,59.86,61.06,59.65,60.60,6113277,0
12/08/2017,22:00,60.50,61.37,60.29,61.30,6065231,0
12/11/2017,22:00,61.37,62.22,61.30,61.91,9017814,0
12/12/2017,22:00,61.81,62.53,61.65,62.17,7358001,0
12/13/2017,22:00,62.22,64.46,62.02,64.30,16072573,0
12/14/2017,22:00,64.43,64.85,64.05,64.53,13055089,0
12/15/2017,22:00,64.89,65.07,64.15,64.79,15659278,0
12/18/2017,22:00,64.93,65.08,64.39,64.81,12651962,0
12/19/2017,22:00,65.15,65.18,64.18,64.24,8212457,0
12/20/2017,22:00,64.39,64.50,63.58,63.59,12468576,0
12/21/2017,22:00,64.29,64.98,63.30,64.77,14352349,0
12/22/2017,22:00,61.20,63.54,60.13,63.29,20414195,0
12/26/2017,22:00,62.90,63.89,62.81,63.65,4563475,0
12/27/2017,22:00,63.56,63.60,62.77,62.95,8959745,0
12/28/2017,22:00,63.00,63.32,62.85,62.95,3987151,0
12/29/2017,22:00,63.21,63.37,62.55,62.55,5222115,0
