"Date","Time","Open","High","Low","Close","Vol","OI"
01/02/2008,22:00,16.08,16.17,15.68,15.82,9781612,0
01/03/2008,22:00,15.82,15.94,15.60,15.68,10636232,0
01/04/2008,22:00,15.56,15.72,15.43,15.44,22335532,0
01/07/2008,22:00,15.50,15.58,15.32,15.53,20808636,0
01/08/2008,22:00,15.60,15.74,15.39,15.46,16714696,0
01/09/2008,22:00,15.51,15.51,15.28,15.49,23320428,0
01/10/2008,22:00,15.48,15.80,15.32,15.64,22925800,0
01/11/2008,22:00,15.51,15.51,15.05,15.18,22223480,0
01/14/2008,22:00,15.27,15.37,14.96,15.18,14272568,0
01/15/2008,22:00,14.97,14.97,14.25,14.27,28277944,0
01/16/2008,22:00,14.23,14.56,14.03,14.42,23447600,0
01/17/2008,22:00,14.43,14.59,13.99,13.99,17617992,0
01/18/2008,22:00,14.11,14.97,14.00,14.13,17035916,0
01/22/2008,22:00,12.99,14.50,12.88,14.32,22091148,0
01/23/2008,22:00,13.88,14.52,13.50,14.38,31090208,0
01/24/2008,22:00,14.40,14.66,14.06,14.35,21211344,0
01/25/2008,22:00,14.55,14.55,13.90,14.00,18719352,0
01/28/2008,22:00,14.01,14.43,13.92,14.32,10897644,0
01/29/2008,22:00,14.39,14.39,14.07,14.34,14389072,0
01/30/2008,22:00,14.56,14.98,14.52,14.85,22191548,0
01/31/2008,22:00,14.85,15.55,14.80,15.33,29711972,0
02/01/2008,22:00,15.41,15.63,15.13,15.63,16319940,0
02/04/2008,22:00,15.63,15.66,15.06,15.19,12340200,0
02/05/2008,22:00,14.95,15.21,14.88,14.95,14421820,0
02/06/2008,22:00,15.08,15.35,14.96,15.01,15425364,0
02/07/2008,22:00,14.90,15.26,14.89,15.19,15486436,0
02/08/2008,22:00,15.14,15.35,14.95,15.16,11468300,0
02/11/2008,22:00,15.19,15.32,15.00,15.16,10993800,0
02/12/2008,22:00,15.20,15.49,15.14,15.34,12473920,0
02/13/2008,22:00,15.47,15.69,15.20,15.64,13797704,0
02/14/2008,22:00,15.72,15.75,15.52,15.57,12611824,0
02/15/2008,22:00,15.54,15.73,15.42,15.57,10672764,0
02/19/2008,22:00,15.72,15.75,15.23,15.28,9343040,0
02/20/2008,22:00,15.19,15.38,15.11,15.30,9100960,0
02/21/2008,22:00,14.91,15.29,14.91,15.08,13146752,0
02/22/2008,22:00,15.11,15.19,14.91,15.15,13349488,0
02/25/2008,22:00,15.18,15.43,15.07,15.40,9977924,0
02/26/2008,22:00,15.35,15.75,15.35,15.65,10002816,0
02/27/2008,22:00,15.53,15.73,15.51,15.60,9118916,0
02/28/2008,22:00,15.49,15.60,15.37,15.51,8518192,0
02/29/2008,22:00,15.33,15.43,14.99,15.05,11806924,0
03/03/2008,22:00,15.06,15.13,14.84,15.02,10357264,0
03/04/2008,22:00,14.91,15.23,14.88,15.11,16664104,0
03/05/2008,22:00,15.20,15.48,15.03,15.20,11769424,0
03/06/2008,22:00,15.15,15.16,14.86,14.90,18622280,0
03/07/2008,22:00,14.75,14.93,14.42,14.56,17196920,0
03/10/2008,22:00,14.55,14.74,14.19,14.24,16182620,0
03/11/2008,22:00,14.53,14.55,14.18,14.48,14697484,0
03/12/2008,22:00,14.50,15.07,14.50,14.94,18241380,0
03/13/2008,22:00,14.71,15.34,14.50,15.26,19245984,0
03/14/2008,22:00,15.40,15.40,14.83,14.99,18881648,0
03/17/2008,22:00,14.60,15.04,14.44,14.81,18277120,0
03/18/2008,22:00,15.07,15.44,14.89,15.42,13801044,0
03/19/2008,22:00,15.59,15.73,15.45,15.46,20753824,0
03/20/2008,22:00,16.18,16.84,15.46,16.82,43300684,0
03/24/2008,22:00,16.75,17.65,16.62,17.27,29827672,0
03/25/2008,22:00,17.31,17.33,17.00,17.09,20459760,0
03/26/2008,22:00,17.04,17.10,16.52,16.57,20653976,0
03/27/2008,22:00,16.64,16.83,16.50,16.50,15341392,0
03/28/2008,22:00,16.58,16.61,16.27,16.47,21333480,0
03/31/2008,22:00,16.44,17.07,16.44,17.00,23122812,0
04/01/2008,22:00,17.15,17.48,16.82,17.39,18046964,0
04/02/2008,22:00,17.22,17.50,16.89,16.99,15547684,0
04/03/2008,22:00,16.86,17.33,16.82,17.23,12903796,0
04/04/2008,22:00,17.29,17.31,16.99,17.13,12564984,0
04/07/2008,22:00,17.22,17.24,16.70,16.71,13005972,0
04/08/2008,22:00,16.56,16.86,16.56,16.63,13129400,0
04/09/2008,22:00,16.67,16.82,16.49,16.61,12546772,0
04/10/2008,22:00,16.58,17.00,16.48,16.84,17466180,0
04/11/2008,22:00,16.67,17.00,16.65,16.67,13063988,0
04/14/2008,22:00,16.58,16.69,16.46,16.51,8822340,0
04/15/2008,22:00,16.65,16.65,16.30,16.45,9449888,0
04/16/2008,22:00,16.54,16.64,16.37,16.52,11082396,0
04/17/2008,22:00,16.50,16.93,16.50,16.89,13870476,0
04/18/2008,22:00,17.04,17.04,16.81,16.97,16033060,0
04/21/2008,22:00,16.87,17.22,16.78,17.16,14613820,0
04/22/2008,22:00,17.11,17.19,16.83,17.01,11544528,0
04/23/2008,22:00,17.10,17.24,16.84,16.90,14086328,0
04/24/2008,22:00,16.95,17.15,16.85,17.01,14331604,0
04/25/2008,22:00,17.13,17.21,16.93,17.18,12367356,0
04/28/2008,22:00,17.26,17.26,16.90,16.95,11620956,0
04/29/2008,22:00,16.95,17.13,16.88,17.06,10004644,0
04/30/2008,22:00,17.06,17.17,16.65,16.70,16749724,0
05/01/2008,22:00,16.70,17.13,16.63,16.95,12510484,0
05/02/2008,22:00,17.15,17.15,16.75,16.92,11914376,0
05/05/2008,22:00,16.78,17.12,16.64,16.75,8763944,0
05/06/2008,22:00,16.74,16.95,16.55,16.90,7839032,0
05/07/2008,22:00,16.93,17.17,16.64,16.69,10035020,0
05/08/2008,22:00,16.72,16.75,16.08,16.20,18050956,0
05/09/2008,22:00,16.33,16.33,16.05,16.22,9467424,0
05/12/2008,22:00,16.29,16.48,16.21,16.33,33614992,0
05/13/2008,22:00,16.41,16.52,16.17,16.42,15700820,0
05/14/2008,22:00,16.50,17.10,16.42,16.86,15339512,0
05/15/2008,22:00,16.97,17.11,16.83,17.00,11500780,0
05/16/2008,22:00,17.07,17.07,16.70,16.88,8302828,0
05/19/2008,22:00,16.88,17.16,16.80,16.94,9701104,0
05/20/2008,22:00,16.80,17.04,16.68,16.76,14901504,0
05/21/2008,22:00,16.78,16.84,16.22,16.28,11214552,0
05/22/2008,22:00,16.27,16.37,16.15,16.25,10783052,0
05/23/2008,22:00,16.22,16.32,16.02,16.19,8027000,0
05/27/2008,22:00,16.23,16.67,16.03,16.50,10364140,0
05/28/2008,22:00,16.65,17.02,16.65,16.84,12643524,0
05/29/2008,22:00,16.85,17.22,16.73,17.10,11737488,0
05/30/2008,22:00,17.18,17.22,16.79,17.09,10415900,0
06/02/2008,22:00,17.07,17.07,16.50,16.78,11579684,0
06/03/2008,22:00,16.88,16.93,16.58,16.74,11148620,0
06/04/2008,22:00,16.74,17.10,16.68,16.99,14140192,0
06/05/2008,22:00,17.01,17.57,16.94,17.52,19548608,0
06/06/2008,22:00,17.34,17.40,16.98,16.98,12819784,0
06/09/2008,22:00,16.97,17.22,16.81,17.15,13671280,0
06/10/2008,22:00,17.01,17.25,17.00,17.12,15384844,0
06/11/2008,22:00,17.13,17.13,16.83,16.86,18232924,0
06/12/2008,22:00,16.92,17.15,16.62,16.69,12115788,0
06/13/2008,22:00,16.77,17.43,16.77,17.25,13591884,0
06/16/2008,22:00,17.21,17.22,16.97,17.09,12796040,0
06/17/2008,22:00,17.30,17.30,16.94,17.00,13029912,0
06/18/2008,22:00,16.92,17.24,16.86,16.97,12700280,0
06/19/2008,22:00,17.01,17.12,16.75,16.96,11810216,0
06/20/2008,22:00,16.81,16.88,16.47,16.68,16980156,0
06/23/2008,22:00,16.76,16.94,16.64,16.73,12956724,0
06/24/2008,22:00,16.77,16.85,16.48,16.49,14777176,0
06/25/2008,22:00,16.56,16.88,16.45,16.49,19211604,0
06/26/2008,22:00,15.21,15.50,14.41,14.88,74110084,0
06/27/2008,22:00,14.93,15.46,14.76,15.09,30551980,0
06/30/2008,22:00,15.11,15.14,14.87,14.90,19787360,0
07/01/2008,22:00,14.90,14.91,14.41,14.75,29830512,0
07/02/2008,22:00,14.83,14.98,14.49,14.52,19503212,0
07/03/2008,22:00,14.57,14.86,14.35,14.63,9906720,0
07/07/2008,22:00,14.64,14.81,13.88,14.11,33076480,0
07/08/2008,22:00,14.10,14.59,13.91,14.58,19264128,0
07/09/2008,22:00,14.52,14.52,14.14,14.24,25130644,0
07/10/2008,22:00,14.21,14.24,13.76,13.92,21954356,0
07/11/2008,22:00,13.78,14.22,13.66,14.06,25430672,0
07/14/2008,22:00,14.26,14.33,13.90,13.95,16366032,0
07/15/2008,22:00,14.17,14.54,13.92,14.41,22334692,0
07/16/2008,22:00,14.40,14.59,14.10,14.54,24480576,0
07/17/2008,22:00,14.63,14.69,14.23,14.64,25974620,0
07/18/2008,22:00,14.68,14.69,14.08,14.55,16460028,0
07/21/2008,22:00,14.31,14.47,14.12,14.38,11886712,0
07/22/2008,22:00,14.31,14.67,14.16,14.67,15262716,0
07/23/2008,22:00,14.64,15.11,14.63,14.80,15138488,0
07/24/2008,22:00,14.84,14.98,14.48,14.53,13551272,0
07/25/2008,22:00,14.62,14.74,14.40,14.54,12376648,0
07/28/2008,22:00,14.53,14.73,14.31,14.31,10239340,0
07/29/2008,22:00,14.27,14.81,14.27,14.77,9439416,0
07/30/2008,22:00,14.82,15.10,14.67,14.92,10321728,0
07/31/2008,22:00,14.94,15.06,14.48,14.67,10873808,0
08/01/2008,22:00,14.60,14.95,14.44,14.85,12630724,0
08/04/2008,22:00,14.90,15.05,14.70,14.94,9850112,0
08/05/2008,22:00,15.03,15.40,14.88,15.40,18087656,0
08/06/2008,22:00,15.37,15.64,15.10,15.55,18742140,0
08/07/2008,22:00,15.40,15.40,15.01,15.21,17508696,0
08/08/2008,22:00,15.27,15.82,15.13,15.74,11874852,0
08/11/2008,22:00,15.76,16.20,15.58,15.82,13809396,0
08/12/2008,22:00,15.68,15.85,15.40,15.52,12808204,0
08/13/2008,22:00,15.61,15.66,15.23,15.49,8266408,0
08/14/2008,22:00,15.42,15.71,15.34,15.50,10138376,0
08/15/2008,22:00,15.51,15.72,15.48,15.57,11118832,0
08/18/2008,22:00,15.63,15.69,15.34,15.41,6478420,0
08/19/2008,22:00,15.30,15.38,15.19,15.26,7379096,0
08/20/2008,22:00,15.27,15.35,15.03,15.16,12656216,0
08/21/2008,22:00,15.02,15.18,14.81,15.15,10855256,0
08/22/2008,22:00,15.24,15.50,15.23,15.28,9777564,0
08/25/2008,22:00,15.16,15.31,14.85,14.93,10201692,0
08/26/2008,22:00,14.95,14.97,14.69,14.73,11962644,0
08/27/2008,22:00,14.77,14.95,14.68,14.92,9242912,0
08/28/2008,22:00,14.98,15.39,14.95,15.31,9265256,0
08/29/2008,22:00,15.30,15.34,15.13,15.15,6644728,0
09/02/2008,22:00,15.39,15.69,15.19,15.30,13534780,0
09/03/2008,22:00,15.18,15.52,15.00,15.48,12368492,0
09/04/2008,22:00,15.24,15.43,14.91,14.94,11733608,0
09/05/2008,22:00,14.85,14.92,14.62,14.70,13754568,0
09/08/2008,22:00,15.00,15.10,14.73,15.08,12672408,0
09/09/2008,22:00,15.08,15.39,14.87,15.07,14018820,0
09/10/2008,22:00,14.97,15.20,14.78,14.97,14780616,0
09/11/2008,22:00,14.81,15.26,14.73,15.24,13285964,0
09/12/2008,22:00,15.15,15.52,15.00,15.48,13172604,0
09/15/2008,22:00,15.11,15.67,14.76,15.13,14313816,0
09/16/2008,22:00,14.78,15.48,14.76,15.30,14528828,0
09/17/2008,22:00,14.88,15.34,14.68,14.89,19561556,0
09/18/2008,22:00,15.06,16.50,14.69,16.16,50464312,0
09/19/2008,22:00,16.66,16.67,15.46,15.93,28968472,0
09/22/2008,22:00,16.30,16.45,15.61,15.79,16620808,0
09/23/2008,22:00,15.85,15.85,15.14,15.21,17417032,0
09/24/2008,22:00,15.03,15.26,14.71,14.82,18742220,0
09/25/2008,22:00,15.70,16.44,15.60,16.25,46048860,0
09/26/2008,22:00,16.05,17.00,16.00,16.95,30228376,0
09/29/2008,22:00,16.75,16.84,16.16,16.26,31568412,0
09/30/2008,22:00,16.48,16.86,16.21,16.73,21366164,0
10/01/2008,22:00,16.55,16.75,16.29,16.54,14877404,0
10/02/2008,22:00,16.28,16.50,15.90,15.94,21488852,0
10/03/2008,22:00,16.10,16.50,15.81,15.81,16807956,0
10/06/2008,22:00,15.50,15.75,14.35,15.28,34281412,0
10/07/2008,22:00,15.49,15.49,14.47,14.49,18095516,0
10/08/2008,22:00,14.26,14.72,13.79,13.93,36857944,0
10/09/2008,22:00,14.04,14.24,13.22,13.27,24248480,0
10/10/2008,22:00,12.59,14.48,12.26,13.63,38996024,0
10/13/2008,22:00,13.92,14.09,13.57,13.96,26116240,0
10/14/2008,22:00,14.52,14.88,14.07,14.28,32041440,0
10/15/2008,22:00,14.01,14.13,12.55,12.59,28835964,0
10/16/2008,22:00,13.16,14.05,12.48,13.99,33808316,0
10/17/2008,22:00,13.66,14.55,13.47,14.37,24772888,0
10/20/2008,22:00,14.57,14.94,14.22,14.94,21467340,0
10/21/2008,22:00,14.75,14.93,14.18,14.28,17497076,0
10/22/2008,22:00,13.88,13.97,12.75,13.13,26076500,0
10/23/2008,22:00,13.05,13.33,12.04,12.68,29143748,0
10/24/2008,22:00,11.90,12.55,11.81,11.95,30127412,0
10/27/2008,22:00,11.80,12.22,11.62,11.64,15547524,0
10/28/2008,22:00,11.91,13.13,11.66,13.10,25963524,0
10/29/2008,22:00,13.05,13.72,12.69,13.12,17874396,0
10/30/2008,22:00,13.63,14.10,13.38,13.95,24024016,0
10/31/2008,22:00,13.80,14.76,13.80,14.41,21066108,0
11/03/2008,22:00,14.34,14.63,13.86,13.96,12396664,0
11/04/2008,22:00,14.22,14.31,13.76,14.06,12761172,0
11/05/2008,22:00,14.00,14.10,13.14,13.19,16673144,0
11/06/2008,22:00,12.98,12.98,12.48,12.66,28529968,0
11/07/2008,22:00,12.66,12.81,11.89,12.35,24364004,0
11/10/2008,22:00,12.68,12.68,11.73,11.99,21672688,0
11/11/2008,22:00,11.98,12.06,11.09,11.42,29281872,0
11/12/2008,22:00,11.28,11.44,10.88,11.09,19592224,0
11/13/2008,22:00,11.13,12.23,10.90,12.22,24962656,0
11/14/2008,22:00,11.96,12.16,11.48,11.63,17134692,0
11/17/2008,22:00,11.51,12.01,11.50,11.58,17845512,0
11/18/2008,22:00,11.53,11.86,11.14,11.66,19340004,0
11/19/2008,22:00,11.63,11.81,10.94,10.96,16256956,0
11/20/2008,22:00,10.82,11.96,10.67,10.90,27161896,0
11/21/2008,22:00,11.10,12.04,10.94,11.97,25641876,0
11/24/2008,22:00,12.05,12.75,11.98,12.58,18595372,0
11/25/2008,22:00,12.82,13.19,12.06,12.32,23983168,0
11/26/2008,22:00,12.16,13.37,12.06,13.31,15838456,0
11/28/2008,22:00,13.50,13.50,12.91,13.31,7490752,0
12/01/2008,22:00,13.07,13.07,11.97,12.01,14166180,0
12/02/2008,22:00,12.17,12.62,12.10,12.50,16110148,0
12/03/2008,22:00,12.23,13.10,11.95,13.00,17430800,0
12/04/2008,22:00,12.79,13.54,12.51,12.99,21545344,0
12/05/2008,22:00,12.74,13.39,12.38,13.34,13825408,0
12/08/2008,22:00,13.63,14.33,13.57,14.04,32329420,0
12/09/2008,22:00,13.82,13.91,13.05,13.23,19459728,0
12/10/2008,22:00,12.90,12.99,12.23,12.63,25456556,0
12/11/2008,22:00,12.54,12.81,12.05,12.18,16479972,0
12/12/2008,22:00,11.92,12.43,11.90,12.34,14694492,0
12/15/2008,22:00,12.50,12.72,11.84,12.05,13593068,0
12/16/2008,22:00,12.15,12.55,11.94,12.41,24551588,0
12/17/2008,22:00,12.18,13.10,12.18,12.66,15447024,0
12/18/2008,22:00,12.67,13.56,12.59,13.17,24660832,0
12/19/2008,22:00,13.32,13.50,12.61,12.81,24401064,0
12/22/2008,22:00,12.82,12.91,12.03,12.27,13785688,0
12/23/2008,22:00,12.31,12.51,11.77,11.99,13102120,0
12/24/2008,22:00,12.01,12.35,11.91,12.28,4385152,0
12/26/2008,22:00,12.32,12.51,12.32,12.44,4919296,0
12/29/2008,22:00,12.43,12.49,12.07,12.23,9346224,0
12/30/2008,22:00,12.33,12.45,12.20,12.42,9626524,0
12/31/2008,22:00,12.45,12.89,12.39,12.75,15089904,0
01/02/2009,22:00,12.74,13.40,12.58,13.27,12029104,0
01/05/2009,22:00,13.15,13.44,13.07,13.36,12913460,0
01/06/2009,22:00,13.45,13.50,12.95,13.09,15290724,0
01/07/2009,22:00,12.90,13.00,12.57,12.61,20164708,0
01/08/2009,22:00,12.57,12.85,12.43,12.85,15730268,0
01/09/2009,22:00,12.86,12.94,12.34,12.40,13246460,0
01/12/2009,22:00,12.35,12.62,12.24,12.53,13730492,0
01/13/2009,22:00,12.45,12.74,12.28,12.38,15579336,0
01/14/2009,22:00,12.06,12.11,11.54,11.66,27404164,0
01/15/2009,22:00,11.66,11.84,11.43,11.74,16433676,0
01/16/2009,22:00,11.85,11.85,11.47,11.70,14117516,0
01/20/2009,22:00,11.53,11.73,11.00,11.03,14745712,0
01/21/2009,22:00,11.17,11.44,10.89,11.41,13943640,0
01/22/2009,22:00,11.26,11.72,11.05,11.41,14369800,0
01/23/2009,22:00,11.19,11.57,11.01,11.42,11379196,0
01/26/2009,22:00,11.45,11.77,11.25,11.42,8005236,0
01/27/2009,22:00,11.48,11.54,11.21,11.38,9689224,0
01/28/2009,22:00,11.58,12.09,11.57,11.90,11911144,0
01/29/2009,22:00,11.78,11.92,11.45,11.50,8737628,0
01/30/2009,22:00,11.57,11.62,11.23,11.31,10670292,0
02/02/2009,22:00,11.14,11.32,10.95,11.11,10016724,0
02/03/2009,22:00,11.17,11.62,11.03,11.57,11098580,0
02/04/2009,22:00,11.60,11.61,11.31,11.44,15054880,0
02/05/2009,22:00,11.44,11.86,11.33,11.80,14454168,0
02/06/2009,22:00,11.83,12.28,11.70,12.17,13867140,0
02/09/2009,22:00,12.19,12.19,11.78,11.94,11381540,0
02/10/2009,22:00,11.82,11.94,11.19,11.26,18016488,0
02/11/2009,22:00,11.35,11.35,10.84,11.08,23980288,0
02/12/2009,22:00,10.92,11.15,10.73,11.11,14872912,0
02/13/2009,22:00,11.06,11.26,10.80,10.86,12085024,0
02/17/2009,22:00,10.59,10.68,10.34,10.48,22278340,0
02/18/2009,22:00,10.58,10.98,10.49,10.88,23450508,0
02/19/2009,22:00,10.98,11.10,10.59,10.70,13044556,0
02/20/2009,22:00,10.58,10.84,10.48,10.73,12084092,0
02/23/2009,22:00,10.86,10.98,10.35,10.40,12916996,0
02/24/2009,22:00,10.41,10.78,10.12,10.73,13858180,0
02/25/2009,22:00,10.66,10.79,10.39,10.54,15885088,0
02/26/2009,22:00,10.63,10.63,10.25,10.26,12649004,0
02/27/2009,22:00,10.06,10.55,10.02,10.38,18738784,0
03/02/2009,22:00,10.21,10.32,9.91,9.94,17423488,0
03/03/2009,22:00,10.09,10.31,10.01,10.01,17107744,0
03/04/2009,22:00,10.58,10.83,10.19,10.64,16695504,0
03/05/2009,22:00,10.34,10.48,9.86,9.98,23676876,0
03/06/2009,22:00,10.06,10.23,9.75,9.98,23967396,0
03/09/2009,22:00,9.84,10.02,9.56,9.64,20695216,0
03/10/2009,22:00,9.74,10.50,9.74,10.40,22955816,0
03/11/2009,22:00,10.49,10.98,10.44,10.86,19248392,0
03/12/2009,22:00,10.86,11.21,10.60,11.15,18112708,0
03/13/2009,22:00,11.19,11.20,10.82,11.17,19899872,0
03/16/2009,22:00,11.25,11.27,10.90,10.98,16623148,0
03/17/2009,22:00,10.96,11.41,10.89,11.35,21866792,0
03/18/2009,22:00,11.49,11.63,11.23,11.48,23451944,0
03/19/2009,22:00,10.94,11.75,10.81,11.63,32281944,0
03/20/2009,22:00,11.80,11.97,11.08,11.26,24951516,0
03/23/2009,22:00,11.48,11.93,11.22,11.90,14384824,0
03/24/2009,22:00,11.69,11.80,11.34,11.40,12832136,0
03/25/2009,22:00,11.53,11.81,11.29,11.59,13444040,0
03/26/2009,22:00,11.67,12.07,11.64,11.90,14117796,0
03/27/2009,22:00,11.85,11.91,11.65,11.71,7961844,0
03/30/2009,22:00,11.50,11.61,11.26,11.56,13289184,0
03/31/2009,22:00,11.69,11.91,11.45,11.72,17907820,0
04/01/2009,22:00,11.55,11.80,11.41,11.75,13007024,0
04/02/2009,22:00,11.90,12.84,11.90,12.62,23882288,0
04/03/2009,22:00,12.56,12.97,12.55,12.97,14375788,0
04/06/2009,22:00,12.82,12.88,12.61,12.82,11080040,0
04/07/2009,22:00,12.59,12.60,12.38,12.47,11580376,0
04/08/2009,22:00,12.49,12.65,12.36,12.56,13103264,0
04/09/2009,22:00,12.81,13.38,12.65,13.32,18044736,0
04/13/2009,22:00,13.18,13.37,12.90,13.28,13202328,0
04/14/2009,22:00,13.15,13.15,12.55,12.85,16975748,0
04/15/2009,22:00,12.85,13.05,12.76,13.03,11099892,0
04/16/2009,22:00,13.05,13.52,12.98,13.44,11566260,0
04/17/2009,22:00,13.51,13.75,13.31,13.65,13864020,0
04/20/2009,22:00,13.47,13.47,13.01,13.09,9961324,0
04/21/2009,22:00,13.08,13.41,13.01,13.32,10292708,0
04/22/2009,22:00,13.23,14.00,13.06,13.75,14134776,0
04/23/2009,22:00,13.75,13.86,13.31,13.60,12211972,0
04/24/2009,22:00,13.68,13.81,13.51,13.68,8396144,0
04/27/2009,22:00,13.50,13.82,13.39,13.53,9206484,0
04/28/2009,22:00,13.35,14.07,13.35,13.90,9880640,0
04/29/2009,22:00,13.90,13.94,13.13,13.24,21858180,0
04/30/2009,22:00,13.39,13.76,13.05,13.12,19326576,0
05/01/2009,22:00,13.22,13.34,13.13,13.23,13902160,0
05/04/2009,22:00,13.23,13.82,13.22,13.82,14549884,0
05/05/2009,22:00,13.60,13.80,13.59,13.75,13247816,0
05/06/2009,22:00,13.86,13.94,13.56,13.65,14808580,0
05/07/2009,22:00,13.83,13.92,13.11,13.27,18546624,0
05/08/2009,22:00,13.44,13.72,13.00,13.60,11371788,0
05/11/2009,22:00,13.40,13.45,13.20,13.28,15055652,0
05/12/2009,22:00,13.13,13.21,12.56,12.74,24275584,0
05/13/2009,22:00,12.60,12.60,12.19,12.38,18298800,0
05/14/2009,22:00,12.35,12.84,12.35,12.74,16698192,0
05/15/2009,22:00,12.52,12.90,12.41,12.44,14715132,0
05/18/2009,22:00,12.53,12.82,12.50,12.80,10860100,0
05/19/2009,22:00,12.88,13.15,12.63,13.01,14625616,0
05/20/2009,22:00,13.08,13.14,12.64,12.67,14863180,0
05/21/2009,22:00,12.59,12.86,12.52,12.84,15341052,0
05/22/2009,22:00,12.84,13.22,12.80,13.10,14839384,0
05/26/2009,22:00,12.99,13.64,12.99,13.54,16771288,0
05/27/2009,22:00,13.54,13.82,13.46,13.60,15127200,0
05/28/2009,22:00,13.61,13.84,13.40,13.78,15040700,0
05/29/2009,22:00,13.81,14.28,13.68,14.26,16569060,0
06/01/2009,22:00,14.47,14.99,14.39,14.81,17614744,0
06/02/2009,22:00,14.75,14.83,14.44,14.46,18942788,0
06/03/2009,22:00,14.35,14.56,14.20,14.54,14018596,0
06/04/2009,22:00,14.53,14.53,14.16,14.39,13098060,0
06/05/2009,22:00,14.65,14.78,14.49,14.57,16451580,0
06/08/2009,22:00,14.53,14.65,14.32,14.50,10683472,0
06/09/2009,22:00,14.50,14.74,14.41,14.66,9716428,0
06/10/2009,22:00,14.72,14.77,14.06,14.26,23840396,0
06/11/2009,22:00,14.29,14.47,14.14,14.15,15452268,0
06/12/2009,22:00,14.10,14.25,13.91,14.15,15486768,0
06/15/2009,22:00,14.10,14.12,13.85,13.98,12912804,0
06/16/2009,22:00,13.99,14.19,13.78,13.83,9774008,0
06/17/2009,22:00,13.79,13.88,13.60,13.66,13586452,0
06/18/2009,22:00,13.80,14.36,13.68,14.07,17699956,0
06/19/2009,22:00,14.21,14.49,14.13,14.18,15353480,0
06/22/2009,22:00,14.05,14.05,13.78,13.81,12300092,0
06/23/2009,22:00,13.80,13.81,13.34,13.39,16074064,0
06/24/2009,22:00,13.49,13.59,13.19,13.26,20202324,0
06/25/2009,22:00,12.66,12.89,12.54,12.82,59607068,0
06/26/2009,22:00,12.69,12.84,12.63,12.71,21367028,0
06/29/2009,22:00,12.79,13.04,12.70,12.94,13824984,0
06/30/2009,22:00,12.97,13.12,12.82,12.94,11700568,0
07/01/2009,22:00,13.03,13.25,12.84,13.10,12365180,0
07/02/2009,22:00,12.94,12.96,12.77,12.77,15326680,0
07/06/2009,22:00,12.69,13.07,12.69,12.98,14879056,0
07/07/2009,22:00,12.93,12.96,12.72,12.80,12185780,0
07/08/2009,22:00,12.75,12.93,12.69,12.88,10413696,0
07/09/2009,22:00,12.97,12.97,12.69,12.77,8537936,0
07/10/2009,22:00,12.67,12.95,12.65,12.82,9436172,0
07/13/2009,22:00,12.86,12.98,12.70,12.89,12469104,0
07/14/2009,22:00,12.87,13.07,12.80,12.98,8017556,0
07/15/2009,22:00,13.09,13.25,12.83,13.23,15544780,0
07/16/2009,22:00,13.19,13.37,13.00,13.30,13356360,0
07/17/2009,22:00,13.29,13.29,12.99,13.11,13101592,0
07/20/2009,22:00,13.15,13.31,13.02,13.21,10645928,0
07/21/2009,22:00,13.36,13.36,12.92,13.02,11007372,0
07/22/2009,22:00,13.00,13.11,12.85,12.88,14300996,0
07/23/2009,22:00,12.88,13.02,12.75,12.78,21532924,0
07/24/2009,22:00,12.78,13.11,12.65,13.04,14731024,0
07/27/2009,22:00,13.05,13.10,12.91,13.09,6276424,0
07/28/2009,22:00,12.99,13.23,12.86,13.23,10553120,0
07/29/2009,22:00,13.13,13.63,13.09,13.59,21215064,0
07/30/2009,22:00,13.73,14.13,13.65,14.02,20059692,0
07/31/2009,22:00,13.92,14.44,13.89,14.16,21796932,0
08/03/2009,22:00,14.24,14.27,14.06,14.15,13509884,0
08/04/2009,22:00,14.11,14.39,14.04,14.39,14842868,0
08/05/2009,22:00,14.39,14.54,14.18,14.26,16333564,0
08/06/2009,22:00,14.31,14.45,14.20,14.40,14561340,0
08/07/2009,22:00,14.49,14.57,14.28,14.52,11448296,0
08/10/2009,22:00,14.47,14.47,14.18,14.28,9543976,0
08/11/2009,22:00,14.23,14.27,14.01,14.20,7614400,0
08/12/2009,22:00,14.15,14.48,14.10,14.38,12197272,0
08/13/2009,22:00,14.35,14.46,14.24,14.45,8377856,0
08/14/2009,22:00,14.41,14.50,14.07,14.22,9124968,0
08/17/2009,22:00,14.02,14.11,13.79,13.86,10980960,0
08/18/2009,22:00,13.88,13.96,13.80,13.90,13312428,0
08/19/2009,22:00,13.77,14.23,13.77,14.19,11306220,0
08/20/2009,22:00,14.20,14.28,14.05,14.25,11903652,0
08/21/2009,22:00,14.00,14.13,13.81,13.91,22557308,0
08/24/2009,22:00,13.93,14.06,13.89,14.00,15237788,0
08/25/2009,22:00,14.07,14.12,13.77,13.79,18325132,0
08/26/2009,22:00,13.82,14.00,13.73,13.86,13399316,0
08/27/2009,22:00,13.89,14.28,13.70,14.21,19081992,0
08/28/2009,22:00,14.26,14.35,13.95,14.05,8578304,0
08/31/2009,22:00,13.98,14.00,13.79,13.85,7354616,0
09/01/2009,22:00,13.73,13.88,13.53,13.59,20162108,0
09/02/2009,22:00,13.53,13.58,13.31,13.33,17540988,0
09/03/2009,22:00,13.37,13.48,13.33,13.43,14086280,0
09/04/2009,22:00,13.47,13.60,13.35,13.56,9705956,0
09/08/2009,22:00,13.66,13.81,13.55,13.81,11600948,0
09/09/2009,22:00,13.73,13.87,13.63,13.84,15984080,0
09/10/2009,22:00,13.84,13.95,13.72,13.85,18653036,0
09/11/2009,22:00,13.89,13.97,13.69,13.75,17368176,0
09/14/2009,22:00,13.62,13.81,13.38,13.73,14299112,0
09/15/2009,22:00,13.69,13.75,13.49,13.67,14818536,0
09/16/2009,22:00,13.69,14.36,13.60,14.30,24346788,0
09/17/2009,22:00,14.25,14.70,14.22,14.52,14762240,0
09/18/2009,22:00,14.56,14.72,14.49,14.65,11525472,0
09/21/2009,22:00,14.51,14.84,14.41,14.64,9472720,0
09/22/2009,22:00,14.74,14.88,14.61,14.64,12374064,0
09/23/2009,22:00,14.70,14.81,14.56,14.57,43572216,0
09/24/2009,22:00,14.58,14.69,14.46,14.54,26221588,0
09/25/2009,22:00,14.58,14.96,14.57,14.66,17494628,0
09/28/2009,22:00,14.68,14.83,14.61,14.75,10106544,0
09/29/2009,22:00,14.81,15.05,14.78,15.02,34763224,0
09/30/2009,22:00,16.00,16.24,16.00,16.17,67175168,0
10/01/2009,22:00,16.00,16.10,15.63,15.63,33036184,0
10/02/2009,22:00,15.38,15.60,15.27,15.51,22568112,0
10/05/2009,22:00,15.47,15.73,15.44,15.69,11873328,0
10/06/2009,22:00,15.73,16.10,15.71,15.77,14605892,0
10/07/2009,22:00,15.73,15.93,15.70,15.85,8762776,0
10/08/2009,22:00,15.93,16.09,15.89,16.00,9364976,0
10/09/2009,22:00,16.03,16.05,15.75,15.90,8869888,0
10/12/2009,22:00,15.96,16.00,15.81,15.81,6200300,0
10/13/2009,22:00,15.81,15.96,15.75,15.92,7062364,0
10/14/2009,22:00,16.02,16.31,15.98,16.23,14631692,0
10/15/2009,22:00,16.18,16.25,16.03,16.24,14647528,0
10/16/2009,22:00,16.08,16.30,16.07,16.27,14617132,0
10/19/2009,22:00,16.26,16.59,16.10,16.52,18513464,0
10/20/2009,22:00,16.38,16.45,16.16,16.27,13559640,0
10/21/2009,22:00,16.27,16.45,16.17,16.19,13313316,0
10/22/2009,22:00,16.20,16.42,16.10,16.30,9991052,0
10/23/2009,22:00,16.26,16.29,15.89,16.04,12698240,0
10/26/2009,22:00,16.02,16.24,15.90,15.94,11814060,0
10/27/2009,22:00,15.91,16.17,15.63,16.02,15711604,0
10/28/2009,22:00,15.91,16.07,15.57,15.64,14820652,0
10/29/2009,22:00,15.75,16.03,15.65,15.93,10849024,0
10/30/2009,22:00,15.84,15.95,15.51,15.55,14672028,0
11/02/2009,22:00,15.59,15.90,15.46,15.63,11526632,0
11/03/2009,22:00,15.56,15.76,15.45,15.66,10989504,0
11/04/2009,22:00,15.70,15.95,15.49,15.68,8674876,0
11/05/2009,22:00,15.87,16.20,15.77,16.19,10578256,0
11/06/2009,22:00,16.16,16.20,15.97,16.14,7635592,0
11/09/2009,22:00,16.13,16.33,16.09,16.33,9146832,0
11/10/2009,22:00,16.33,16.42,16.00,16.12,9898224,0
11/11/2009,22:00,16.15,16.39,16.14,16.23,6680660,0
11/12/2009,22:00,16.24,16.35,15.95,16.02,6617260,0
11/13/2009,22:00,16.07,16.24,15.93,16.10,7310892,0
11/16/2009,22:00,16.17,16.58,16.13,16.52,10380108,0
11/17/2009,22:00,16.47,16.50,16.11,16.24,7854268,0
11/18/2009,22:00,16.20,16.20,15.95,16.10,8098052,0
11/19/2009,22:00,15.98,16.08,15.72,15.89,9853128,0
11/20/2009,22:00,15.84,16.02,15.68,15.98,12614652,0
11/23/2009,22:00,16.20,16.38,16.01,16.12,9432116,0
11/24/2009,22:00,16.17,16.27,16.08,16.13,6449104,0
11/25/2009,22:00,16.13,16.47,16.13,16.42,7986012,0
11/27/2009,22:00,16.13,16.36,16.00,16.21,4671996,0
11/30/2009,22:00,16.20,16.39,16.10,16.22,9261160,0
12/01/2009,22:00,16.32,16.52,16.18,16.35,7950640,0
12/02/2009,22:00,16.13,16.53,16.13,16.34,5937144,0
12/03/2009,22:00,16.32,16.40,16.14,16.17,11035164,0
12/04/2009,22:00,16.32,16.46,15.95,16.08,10180200,0
12/07/2009,22:00,16.08,16.25,16.08,16.14,8948216,0
12/08/2009,22:00,16.00,16.10,15.85,15.88,14511128,0
12/09/2009,22:00,15.88,15.88,15.44,15.49,23438368,0
12/10/2009,22:00,15.55,15.85,15.55,15.68,11972420,0
12/11/2009,22:00,15.79,16.05,15.77,15.97,10860092,0
12/14/2009,22:00,16.00,16.08,15.78,16.04,9257952,0
12/15/2009,22:00,15.98,16.27,15.90,16.09,9605016,0
12/16/2009,22:00,16.17,16.17,15.91,16.01,7639616,0
12/17/2009,22:00,15.89,16.01,15.77,15.81,11679896,0
12/18/2009,22:00,16.10,16.34,16.01,16.10,20323488,0
12/21/2009,22:00,16.13,16.32,16.11,16.22,7399540,0
12/22/2009,22:00,16.22,16.33,16.05,16.27,8238984,0
12/23/2009,22:00,16.27,16.38,16.22,16.36,6148744,0
12/24/2009,22:00,16.36,16.39,16.25,16.31,2295212,0
12/28/2009,22:00,16.31,16.39,16.19,16.38,5648076,0
12/29/2009,22:00,16.38,16.61,16.31,16.55,8083232,0
12/30/2009,22:00,16.46,16.56,16.43,16.53,6932156,0
12/31/2009,22:00,16.55,16.66,16.51,16.52,6347696,0
01/04/2010,22:00,16.51,16.52,16.28,16.34,11972588,0
01/05/2010,22:00,16.28,16.45,16.17,16.40,6275456,0
01/06/2010,22:00,16.35,16.42,16.24,16.30,13399228,0
01/07/2010,22:00,16.28,16.50,16.26,16.46,7187644,0
01/08/2010,22:00,16.45,16.46,16.24,16.43,7249636,0
01/11/2010,22:00,16.48,16.48,16.16,16.23,10678264,0
01/12/2010,22:00,16.15,16.27,16.07,16.20,11485716,0
01/13/2010,22:00,16.28,16.42,16.19,16.35,5648964,0
01/14/2010,22:00,16.37,16.46,16.19,16.25,7311924,0
01/15/2010,22:00,16.19,16.25,15.99,16.10,11319540,0
01/19/2010,22:00,16.05,16.20,15.99,16.18,7453408,0
01/20/2010,22:00,16.05,16.10,15.89,16.05,8008488,0
01/21/2010,22:00,16.08,16.08,15.76,15.91,13983524,0
01/22/2010,22:00,15.88,16.06,15.74,15.74,13320016,0
01/25/2010,22:00,15.84,16.01,15.83,15.92,10749948,0
01/26/2010,22:00,15.83,16.03,15.76,15.94,6711472,0
01/27/2010,22:00,15.92,16.04,15.81,16.00,13560552,0
01/28/2010,22:00,16.06,16.25,15.84,15.88,7158124,0
01/29/2010,22:00,15.91,16.16,15.89,15.94,10402524,0
02/01/2010,22:00,15.99,16.11,15.88,16.02,6407752,0
02/02/2010,22:00,16.07,16.07,15.90,15.98,9539576,0
02/03/2010,22:00,15.92,16.02,15.83,16.00,7889372,0
02/04/2010,22:00,15.88,15.94,15.51,15.52,17924940,0
02/05/2010,22:00,15.51,15.56,15.22,15.43,13110920,0
02/08/2010,22:00,15.40,15.53,15.31,15.32,8177264,0
02/09/2010,22:00,15.44,15.77,15.42,15.63,9438112,0
02/10/2010,22:00,15.63,15.74,15.56,15.66,7698544,0
02/11/2010,22:00,15.61,15.79,15.53,15.74,7010016,0
02/12/2010,22:00,15.63,15.64,15.43,15.62,11152280,0
02/16/2010,22:00,15.70,15.91,15.58,15.91,9628152,0
02/17/2010,22:00,15.97,16.17,15.90,16.12,10640436,0
02/18/2010,22:00,16.12,16.15,15.98,16.11,6468024,0
02/19/2010,22:00,16.03,16.15,16.00,16.09,9498164,0
02/22/2010,22:00,16.14,16.19,16.01,16.08,6865096,0
02/23/2010,22:00,16.08,16.14,15.90,16.03,7738996,0
02/24/2010,22:00,16.00,16.25,16.00,16.23,11618192,0
02/25/2010,22:00,16.25,16.57,16.00,16.54,15967968,0
02/26/2010,22:00,16.56,16.96,16.56,16.90,19633328,0
03/01/2010,22:00,16.98,17.18,16.90,17.06,10674192,0
03/02/2010,22:00,17.01,17.08,16.92,17.01,9845124,0
03/03/2010,22:00,16.92,16.99,16.82,16.91,8670780,0
03/04/2010,22:00,17.00,17.01,16.86,16.91,6306436,0
03/05/2010,22:00,16.96,17.13,16.96,17.08,7460368,0
03/08/2010,22:00,16.99,17.24,16.99,17.20,7084320,0
03/09/2010,22:00,17.19,17.30,17.13,17.23,6042656,0
03/10/2010,22:00,17.23,17.31,17.10,17.28,5592988,0
03/11/2010,22:00,17.27,17.46,17.18,17.44,6960160,0
03/12/2010,22:00,17.35,17.50,17.35,17.48,7208752,0
03/15/2010,22:00,17.44,17.68,17.43,17.60,9514396,0
03/16/2010,22:00,17.58,17.76,17.52,17.59,10107340,0
03/17/2010,22:00,17.60,17.83,17.57,17.72,14751608,0
03/18/2010,22:00,18.34,18.84,18.33,18.67,43696248,0
03/19/2010,22:00,18.57,18.58,18.28,18.38,18789700,0
03/22/2010,22:00,18.38,18.54,18.20,18.47,11696044,0
03/23/2010,22:00,18.60,18.65,18.49,18.62,8986368,0
03/24/2010,22:00,18.59,18.60,18.25,18.34,11069208,0
03/25/2010,22:00,18.54,18.69,18.38,18.39,11321656,0
03/26/2010,22:00,18.45,18.69,18.34,18.47,8661752,0
03/29/2010,22:00,18.54,18.58,18.40,18.49,6522584,0
03/30/2010,22:00,18.50,18.60,18.39,18.45,6461384,0
03/31/2010,22:00,18.37,18.52,18.32,18.38,7916216,0
04/01/2010,22:00,18.49,18.60,18.44,18.50,8376500,0
04/05/2010,22:00,18.55,18.70,18.41,18.53,7081792,0
04/06/2010,22:00,18.39,18.54,18.38,18.48,8428384,0
04/07/2010,22:00,18.49,18.55,18.33,18.40,8851352,0
04/08/2010,22:00,18.36,18.57,18.26,18.50,10410788,0
04/09/2010,22:00,18.55,18.82,18.41,18.80,12502044,0
04/12/2010,22:00,18.82,18.99,18.80,18.88,8867356,0
04/13/2010,22:00,18.86,18.98,18.69,18.88,7025388,0
04/14/2010,22:00,18.90,18.97,18.75,18.95,6804768,0
04/15/2010,22:00,18.89,18.95,18.74,18.91,7014684,0
04/16/2010,22:00,18.90,19.00,18.75,18.79,13739560,0
04/19/2010,22:00,18.74,18.95,18.56,18.90,8790652,0
04/20/2010,22:00,19.00,19.15,18.98,19.09,9584520,0
04/21/2010,22:00,19.10,19.28,19.04,19.18,10801048,0
04/22/2010,22:00,19.07,19.63,19.05,19.56,13849100,0
04/23/2010,22:00,19.45,19.61,19.33,19.48,10151420,0
04/26/2010,22:00,19.48,19.62,19.44,19.50,6050480,0
04/27/2010,22:00,19.42,19.62,19.15,19.18,11016848,0
04/28/2010,22:00,19.24,19.51,19.03,19.11,10812004,0
04/29/2010,22:00,19.27,19.42,19.18,19.39,9083752,0
04/30/2010,22:00,19.36,19.47,18.97,18.98,9869992,0
05/03/2010,22:00,19.00,19.60,18.98,19.44,8428516,0
05/04/2010,22:00,19.50,19.64,19.27,19.34,14530532,0
05/05/2010,22:00,19.22,19.32,18.67,18.80,17310512,0
05/06/2010,22:00,18.64,19.00,16.75,18.08,26330008,0
05/07/2010,22:00,17.84,18.11,17.44,17.65,21502604,0
05/10/2010,22:00,18.47,19.19,18.43,19.16,26477888,0
05/11/2010,22:00,18.95,19.27,18.94,19.11,13755332,0
05/12/2010,22:00,19.18,19.50,19.00,19.46,9956092,0
05/13/2010,22:00,19.41,19.50,18.84,18.89,20977092,0
05/14/2010,22:00,18.66,18.75,18.30,18.43,19014156,0
05/17/2010,22:00,18.43,18.46,18.01,18.41,16944468,0
05/18/2010,22:00,18.54,18.75,18.17,18.23,18855980,0
05/19/2010,22:00,18.14,18.18,17.75,18.06,23479108,0
05/20/2010,22:00,17.63,17.90,17.39,17.58,25056476,0
05/21/2010,22:00,17.28,17.94,17.03,17.85,17064048,0
05/24/2010,22:00,17.79,17.98,17.68,17.83,22684704,0
05/25/2010,22:00,17.52,18.25,17.32,18.23,21164356,0
05/26/2010,22:00,18.38,18.41,17.98,18.13,16727324,0
05/27/2010,22:00,18.32,18.49,18.19,18.48,14743764,0
05/28/2010,22:00,18.41,18.47,17.99,18.09,15556972,0
06/01/2010,22:00,17.86,18.16,17.67,17.80,14684012,0
06/02/2010,22:00,17.83,18.26,17.83,18.25,12661096,0
06/03/2010,22:00,18.30,18.47,18.24,18.41,11356936,0
06/04/2010,22:00,18.09,18.12,17.54,17.69,15403984,0
06/07/2010,22:00,17.64,17.75,17.37,17.40,11056508,0
06/08/2010,22:00,17.40,17.61,17.16,17.57,12263256,0
06/09/2010,22:00,17.58,17.83,17.42,17.50,12914180,0
06/10/2010,22:00,17.80,18.14,17.78,17.94,11831576,0
06/11/2010,22:00,17.82,18.16,17.76,18.08,8808792,0
06/14/2010,22:00,18.12,18.24,17.98,18.06,8746724,0
06/15/2010,22:00,18.07,18.50,18.07,18.50,8697936,0
06/16/2010,22:00,18.34,18.63,18.27,18.46,12700716,0
06/17/2010,22:00,18.60,18.67,18.41,18.64,11802612,0
06/18/2010,22:00,18.70,18.81,18.62,18.74,11196468,0
06/21/2010,22:00,18.87,18.98,18.45,18.59,11192028,0
06/22/2010,22:00,18.61,18.75,18.04,18.11,10388140,0
06/23/2010,22:00,18.17,18.29,17.88,18.13,11659032,0
06/24/2010,22:00,17.50,17.67,17.30,17.41,36104052,0
06/25/2010,22:00,17.47,17.62,17.23,17.53,18090136,0
06/28/2010,22:00,17.63,17.72,17.41,17.63,12720796,0
06/29/2010,22:00,17.38,17.42,16.86,17.04,23321012,0
06/30/2010,22:00,16.99,17.28,16.83,16.89,18551268,0
07/01/2010,22:00,16.97,17.13,16.69,17.02,20482584,0
07/02/2010,22:00,17.05,17.24,16.86,16.97,11627104,0
07/06/2010,22:00,17.05,17.29,16.58,16.80,16875000,0
07/07/2010,22:00,16.87,17.15,16.75,17.14,17171756,0
07/08/2010,22:00,17.31,17.62,17.25,17.57,17801908,0
07/09/2010,22:00,17.54,17.55,17.38,17.54,10962548,0
07/12/2010,22:00,17.49,17.62,17.32,17.45,8889976,0
07/13/2010,22:00,17.60,17.73,17.50,17.62,12129956,0
07/14/2010,22:00,17.54,17.65,17.37,17.64,11656388,0
07/15/2010,22:00,17.58,17.70,17.34,17.66,14103464,0
07/16/2010,22:00,17.59,17.67,17.17,17.24,13703756,0
07/19/2010,22:00,17.28,17.37,17.05,17.15,9580256,0
07/20/2010,22:00,16.98,17.50,16.91,17.46,14804240,0
07/21/2010,22:00,17.53,17.77,17.33,17.41,15788936,0
07/22/2010,22:00,17.60,18.03,17.59,17.89,13528356,0
07/23/2010,22:00,17.88,18.29,17.79,18.18,11518804,0
07/26/2010,22:00,18.18,18.49,18.12,18.31,10491948,0
07/27/2010,22:00,18.42,18.46,18.21,18.42,10412580,0
07/28/2010,22:00,18.41,18.50,18.22,18.28,8456760,0
07/29/2010,22:00,18.41,18.53,18.17,18.38,9664416,0
07/30/2010,22:00,18.25,18.49,18.16,18.41,8702864,0
08/02/2010,22:00,18.60,18.74,18.49,18.58,10268092,0
08/03/2010,22:00,18.55,18.55,18.21,18.27,12723684,0
08/04/2010,22:00,18.30,18.59,18.28,18.50,12157672,0
08/05/2010,22:00,18.36,18.59,18.33,18.51,8065764,0
08/06/2010,22:00,18.35,18.52,18.19,18.49,7699124,0
08/09/2010,22:00,18.53,18.75,18.47,18.53,7893612,0
08/10/2010,22:00,18.35,18.60,18.20,18.48,9386684,0
08/11/2010,22:00,18.19,18.19,17.87,18.02,12152204,0
08/12/2010,22:00,17.75,17.95,17.67,17.88,9752020,0
08/13/2010,22:00,17.85,17.87,17.62,17.65,8794600,0
08/16/2010,22:00,17.53,17.87,17.44,17.76,9525868,0
08/17/2010,22:00,17.94,18.18,17.87,17.93,10123668,0
08/18/2010,22:00,17.92,18.18,17.74,18.06,8783064,0
08/19/2010,22:00,17.95,18.00,17.64,17.83,9881108,0
08/20/2010,22:00,17.68,17.85,17.62,17.82,7151872,0
08/23/2010,22:00,17.91,18.10,17.74,17.74,7856152,0
08/24/2010,22:00,17.51,17.68,17.35,17.51,10616260,0
08/25/2010,22:00,17.36,17.59,17.08,17.53,12604568,0
08/26/2010,22:00,17.66,17.93,17.58,17.60,13606580,0
08/27/2010,22:00,17.68,17.79,17.42,17.74,10625144,0
08/30/2010,22:00,17.68,17.85,17.49,17.59,10087736,0
08/31/2010,22:00,17.50,17.69,17.40,17.50,11941624,0
09/01/2010,22:00,17.78,18.06,17.70,18.03,13737228,0
09/02/2010,22:00,18.02,18.27,17.94,18.24,12278044,0
09/03/2010,22:00,18.43,18.61,18.31,18.56,12278044,0
09/07/2010,22:00,18.44,18.62,18.44,18.50,8101536,0
09/08/2010,22:00,18.56,18.68,18.48,18.53,9198052,0
09/09/2010,22:00,18.71,18.75,18.40,18.48,7006812,0
09/10/2010,22:00,18.54,18.71,18.42,18.44,8159596,0
09/13/2010,22:00,18.60,18.82,18.60,18.67,9858548,0
09/14/2010,22:00,18.62,18.97,18.59,18.82,9995348,0
09/15/2010,22:00,18.79,19.18,18.73,19.14,15811920,0
09/16/2010,22:00,19.08,19.22,18.98,19.16,8693140,0
09/17/2010,22:00,19.23,19.39,19.12,19.32,12146508,0
09/20/2010,22:00,19.33,19.76,19.32,19.59,15101696,0
09/21/2010,22:00,19.48,19.52,19.31,19.42,13273740,0
09/22/2010,22:00,19.37,19.50,19.17,19.33,10488844,0
09/23/2010,22:00,19.23,19.53,19.15,19.42,17721700,0
09/24/2010,22:00,20.34,20.42,19.87,19.89,33384588,0
09/27/2010,22:00,19.85,19.88,19.54,19.78,18776324,0
09/28/2010,22:00,19.77,20.20,19.64,20.16,21709840,0
09/29/2010,22:00,20.07,20.10,19.81,19.98,14574220,0
09/30/2010,22:00,20.00,20.20,19.88,20.03,13493208,0
10/01/2010,22:00,20.24,20.24,19.96,20.06,14170220,0
10/04/2010,22:00,19.98,20.07,19.76,19.97,10353220,0
10/05/2010,22:00,20.15,20.37,20.07,20.33,13471228,0
10/06/2010,22:00,20.26,20.33,20.20,20.33,9634608,0
10/07/2010,22:00,20.32,20.33,20.08,20.25,12183660,0
10/08/2010,22:00,20.24,20.65,20.23,20.51,19038520,0
10/11/2010,22:00,20.41,20.58,20.38,20.50,9902968,0
10/12/2010,22:00,20.75,20.85,20.45,20.47,22497348,0
10/13/2010,22:00,20.59,20.69,20.38,20.50,10490872,0
10/14/2010,22:00,20.43,20.57,20.33,20.44,9410284,0
10/15/2010,22:00,20.57,20.61,20.41,20.50,8277124,0
10/18/2010,22:00,20.50,20.53,20.38,20.42,6297748,0
10/19/2010,22:00,20.11,20.39,20.02,20.18,10816524,0
10/20/2010,22:00,20.26,20.42,20.21,20.31,7533368,0
10/21/2010,22:00,20.41,20.71,20.37,20.53,11593464,0
10/22/2010,22:00,20.53,20.63,20.43,20.48,4240536,0
10/25/2010,22:00,20.64,20.76,20.50,20.51,8883144,0
10/26/2010,22:00,20.41,20.56,20.32,20.45,10289868,0
10/27/2010,22:00,20.31,20.34,20.07,20.26,8974292,0
10/28/2010,22:00,20.33,20.42,20.14,20.28,6505708,0
10/29/2010,22:00,20.24,20.37,20.16,20.36,8051780,0
11/01/2010,22:00,20.47,20.50,20.15,20.27,7583424,0
11/02/2010,22:00,20.45,20.56,20.38,20.44,7117996,0
11/03/2010,22:00,20.43,20.54,20.24,20.46,7029580,0
11/04/2010,22:00,20.68,20.87,20.60,20.85,9876144,0
11/05/2010,22:00,20.81,21.03,20.81,21.03,9039088,0
11/08/2010,22:00,20.92,20.96,20.74,20.90,7300400,0
11/09/2010,22:00,20.91,20.92,20.72,20.80,9705504,0
11/10/2010,22:00,20.78,21.00,20.70,20.97,8811488,0
11/11/2010,22:00,20.84,20.95,20.75,20.92,6689632,0
11/12/2010,22:00,20.80,20.91,20.51,20.66,7630544,0
11/15/2010,22:00,20.73,20.74,20.42,20.45,7975712,0
11/16/2010,22:00,20.40,20.56,20.07,20.13,12930848,0
11/17/2010,22:00,20.19,20.48,20.14,20.35,10762332,0
11/18/2010,22:00,20.54,20.74,20.54,20.62,8432268,0
11/19/2010,22:00,20.72,21.58,20.72,21.45,19276988,0
11/22/2010,22:00,21.27,21.50,21.27,21.48,7275980,0
11/23/2010,22:00,21.26,21.47,21.22,21.32,6632316,0
11/24/2010,22:00,21.36,21.74,21.36,21.63,8905644,0
11/26/2010,22:00,21.58,21.65,21.48,21.49,4050520,0
11/29/2010,22:00,21.35,21.35,20.98,21.29,9700564,0
11/30/2010,22:00,21.13,21.65,21.09,21.53,13166128,0
12/01/2010,22:00,21.87,22.07,21.85,21.91,7963632,0
12/02/2010,22:00,21.96,22.00,21.74,21.96,6449424,0
12/03/2010,22:00,21.88,22.00,21.70,21.88,8116632,0
12/06/2010,22:00,21.88,21.99,21.76,21.93,4806580,0
12/07/2010,22:00,22.10,22.11,21.78,21.80,7687160,0
12/08/2010,22:00,21.86,21.91,21.60,21.83,5463128,0
12/09/2010,22:00,22.03,22.13,21.81,21.87,6420504,0
12/10/2010,22:00,21.94,22.10,21.88,21.95,5095292,0
12/13/2010,22:00,22.41,22.63,22.25,22.31,12956720,0
12/14/2010,22:00,22.25,22.43,22.13,22.32,7559132,0
12/15/2010,22:00,22.32,22.40,22.11,22.15,7001172,0
12/16/2010,22:00,22.14,22.31,21.94,22.31,7224480,0
12/17/2010,22:00,22.34,22.59,22.32,22.51,11552772,0
12/20/2010,22:00,22.63,22.72,22.41,22.57,8693188,0
12/21/2010,22:00,22.75,23.12,22.62,23.08,25000024,0
12/22/2010,22:00,21.75,22.06,21.65,21.74,33224016,0
12/23/2010,22:00,21.73,21.75,21.36,21.51,13773036,0
12/27/2010,22:00,21.50,21.52,21.38,21.46,6373632,0
12/28/2010,22:00,21.56,21.69,21.53,21.58,8459616,0
12/29/2010,22:00,21.61,21.64,21.31,21.32,6960520,0
12/30/2010,22:00,21.33,21.53,21.28,21.44,5910240,0
12/31/2010,22:00,21.35,21.46,21.28,21.35,5796312,0
01/03/2011,22:00,21.46,21.65,21.32,21.52,8566436,0
01/04/2011,22:00,21.40,21.44,20.94,20.99,13797676,0
01/05/2011,22:00,20.91,21.21,20.88,21.13,11599180,0
01/06/2011,22:00,21.11,21.13,20.89,20.94,8057252,0
01/07/2011,22:00,20.92,20.99,20.82,20.88,8174496,0
01/10/2011,22:00,20.81,21.12,20.76,21.04,8914640,0
01/11/2011,22:00,21.05,21.20,20.91,21.00,5563388,0
01/12/2011,22:00,21.10,21.12,20.92,20.93,9653760,0
01/13/2011,22:00,20.96,20.96,20.61,20.64,9774456,0
01/14/2011,22:00,20.66,21.08,20.59,21.02,8390936,0
01/18/2011,22:00,21.10,21.25,20.97,21.01,9024784,0
01/19/2011,22:00,21.02,21.04,20.71,20.92,10901220,0
01/20/2011,22:00,20.80,20.91,20.63,20.77,9431224,0
01/21/2011,22:00,20.88,20.89,20.55,20.58,7430688,0
01/24/2011,22:00,20.50,20.73,20.38,20.67,8115892,0
01/25/2011,22:00,20.64,20.74,20.48,20.72,7434232,0
01/26/2011,22:00,20.78,21.04,20.70,21.00,10357656,0
01/27/2011,22:00,21.02,21.08,20.67,20.69,9769972,0
01/28/2011,22:00,20.73,20.75,20.33,20.36,8968216,0
01/31/2011,22:00,20.38,20.64,20.25,20.62,7680904,0
02/01/2011,22:00,20.69,20.92,20.66,20.89,9705508,0
02/02/2011,22:00,20.86,20.99,20.78,20.98,7764748,0
02/03/2011,22:00,20.89,21.08,20.84,20.95,10352408,0
02/04/2011,22:00,21.00,21.47,20.95,21.43,9636664,0
02/07/2011,22:00,21.45,21.70,21.42,21.63,8380928,0
02/08/2011,22:00,21.67,21.70,21.55,21.68,6837056,0
02/09/2011,22:00,21.68,21.92,21.61,21.81,8368908,0
02/10/2011,22:00,21.73,21.86,21.57,21.70,6752616,0
02/11/2011,22:00,21.61,21.68,21.49,21.55,7393008,0
02/14/2011,22:00,21.58,21.63,21.36,21.44,7376296,0
02/15/2011,22:00,21.32,21.40,21.16,21.39,8109788,0
02/16/2011,22:00,21.38,21.49,21.28,21.44,8909068,0
02/17/2011,22:00,21.18,21.52,21.10,21.51,14709356,0
02/18/2011,22:00,21.62,22.21,21.50,22.20,14709356,0
02/22/2011,22:00,21.90,22.08,21.73,21.81,10979084,0
02/23/2011,22:00,21.72,21.96,21.45,21.55,11854404,0
02/24/2011,22:00,21.48,21.73,21.38,21.63,8765448,0
02/25/2011,22:00,21.67,22.08,21.64,22.00,8998608,0
02/28/2011,22:00,22.07,22.29,21.99,22.26,10353108,0
03/01/2011,22:00,22.41,22.45,21.88,21.92,13718520,0
03/02/2011,22:00,21.92,22.31,21.81,22.08,9465400,0
03/03/2011,22:00,22.23,22.50,22.23,22.46,10421336,0
03/04/2011,22:00,22.45,22.50,22.33,22.47,10181640,0
03/07/2011,22:00,22.50,22.78,22.07,22.23,16266568,0
03/08/2011,22:00,22.29,22.42,22.21,22.30,9622200,0
03/09/2011,22:00,22.19,22.42,22.06,22.24,9950540,0
03/10/2011,22:00,22.06,22.27,21.89,22.05,9078780,0
03/11/2011,22:00,21.87,21.90,21.37,21.79,14917448,0
03/14/2011,22:00,21.72,21.72,21.34,21.55,10236264,0
03/15/2011,22:00,21.16,21.45,21.00,21.33,9891472,0
03/16/2011,22:00,21.25,21.47,21.01,21.20,10024904,0
03/17/2011,22:00,21.39,21.43,21.12,21.35,13822396,0
03/18/2011,22:00,19.50,19.66,19.21,19.40,78895512,0
03/21/2011,22:00,19.41,19.49,19.16,19.21,23426168,0
03/22/2011,22:00,19.16,19.25,18.81,18.86,36628512,0
03/23/2011,22:00,18.80,19.42,18.76,19.31,48562352,0
03/24/2011,22:00,19.37,19.46,19.10,19.18,17726860,0
03/25/2011,22:00,19.21,19.40,19.16,19.17,18833780,0
03/28/2011,22:00,19.17,19.25,18.95,18.97,14793844,0
03/29/2011,22:00,19.02,19.16,18.91,19.09,15672428,0
03/30/2011,22:00,19.12,19.25,19.06,19.19,9911232,0
03/31/2011,22:00,19.12,19.15,18.91,18.92,13097536,0
04/01/2011,22:00,18.99,19.23,18.95,19.13,12892640,0
04/04/2011,22:00,19.19,19.39,19.09,19.35,9965348,0
04/05/2011,22:00,19.30,19.50,19.21,19.48,12783560,0
04/06/2011,22:00,19.66,19.75,19.56,19.67,15684332,0
04/07/2011,22:00,19.66,19.66,19.25,19.52,14823060,0
04/08/2011,22:00,19.67,19.75,19.26,19.35,10769880,0
04/11/2011,22:00,19.32,19.53,19.31,19.53,8329272,0
04/12/2011,22:00,19.38,19.59,19.34,19.55,8850212,0
04/13/2011,22:00,19.55,19.88,19.54,19.85,12069868,0
04/14/2011,22:00,19.72,20.07,19.66,20.02,14087972,0
04/15/2011,22:00,20.10,20.10,19.67,19.68,13746868,0
04/18/2011,22:00,19.52,19.66,19.30,19.65,11543488,0
04/19/2011,22:00,19.67,19.89,19.62,19.68,10803084,0
04/20/2011,22:00,19.86,20.06,19.82,20.02,14865284,0
04/21/2011,22:00,20.16,20.16,19.96,20.05,8706392,0
04/25/2011,22:00,20.11,20.23,19.97,20.03,6976204,0
04/26/2011,22:00,20.02,20.15,19.85,19.99,7317880,0
04/27/2011,22:00,20.01,20.31,19.98,20.28,9981280,0
04/28/2011,22:00,20.27,20.68,20.15,20.64,10064096,0
04/29/2011,22:00,20.56,20.63,20.44,20.58,8844632,0
05/02/2011,22:00,20.73,20.87,20.50,20.56,12402744,0
05/03/2011,22:00,20.61,20.65,20.39,20.42,8711100,0
05/04/2011,22:00,20.63,20.75,20.35,20.70,11956004,0
05/05/2011,22:00,20.63,20.83,20.52,20.65,9631588,0
05/06/2011,22:00,20.78,20.86,20.44,20.50,9624816,0
05/09/2011,22:00,20.48,20.74,20.42,20.73,6537108,0
05/10/2011,22:00,20.81,20.92,20.68,20.88,10405832,0
05/11/2011,22:00,20.81,20.92,20.55,20.67,8601992,0
05/12/2011,22:00,20.64,21.17,20.61,21.15,10241196,0
05/13/2011,22:00,21.19,21.63,21.17,21.57,14449168,0
05/16/2011,22:00,21.43,21.57,21.25,21.32,10656976,0
05/17/2011,22:00,21.20,21.25,20.99,21.22,9972700,0
05/18/2011,22:00,21.22,21.40,21.13,21.21,9857864,0
05/19/2011,22:00,21.29,21.54,21.26,21.53,8239948,0
05/20/2011,22:00,21.59,21.62,21.10,21.26,10130724,0
05/23/2011,22:00,21.04,21.18,20.86,20.91,9112468,0
05/24/2011,22:00,20.94,21.18,20.91,21.08,5756332,0
05/25/2011,22:00,20.93,20.95,20.78,20.80,9230784,0
05/26/2011,22:00,20.79,21.06,20.75,21.02,6762056,0
05/27/2011,22:00,21.05,21.20,21.05,21.16,6079608,0
05/31/2011,22:00,21.19,21.24,20.95,21.11,8879448,0
06/01/2011,22:00,21.08,21.18,20.52,20.54,10125072,0
06/02/2011,22:00,20.47,20.65,20.26,20.29,11829548,0
06/03/2011,22:00,20.09,20.34,20.06,20.09,11259356,0
06/06/2011,22:00,20.06,20.24,19.93,19.94,9093104,0
06/07/2011,22:00,20.05,20.58,20.04,20.48,13809212,0
06/08/2011,22:00,20.38,20.50,19.97,20.02,12223536,0
06/09/2011,22:00,20.11,20.33,20.06,20.17,9539164,0
06/10/2011,22:00,20.18,20.39,19.89,19.92,9920016,0
06/13/2011,22:00,19.94,20.47,19.92,20.13,10787872,0
06/14/2011,22:00,20.29,20.61,20.27,20.56,11731916,0
06/15/2011,22:00,20.39,20.48,19.98,20.10,11419112,0
06/16/2011,22:00,20.06,20.19,19.86,20.07,9092108,0
06/17/2011,22:00,20.22,20.40,20.20,20.28,10494456,0
06/20/2011,22:00,20.23,20.85,20.22,20.81,9141076,0
06/21/2011,22:00,20.79,21.21,20.76,21.13,9263512,0
06/22/2011,22:00,20.97,21.10,20.46,20.49,18370784,0
06/23/2011,22:00,20.33,20.59,20.16,20.55,17086136,0
06/24/2011,22:00,20.54,20.62,20.18,20.30,15564720,0
06/27/2011,22:00,20.23,20.69,20.23,20.41,22992824,0
06/28/2011,22:00,21.32,22.65,21.29,22.48,60457140,0
06/29/2011,22:00,22.45,22.59,22.05,22.44,25427620,0
06/30/2011,22:00,22.31,22.61,22.31,22.50,17715424,0
07/01/2011,22:00,22.41,23.00,22.36,22.95,16781356,0
07/05/2011,22:00,22.81,23.03,22.73,22.93,14938872,0
07/06/2011,22:00,22.84,23.12,22.84,23.09,14488396,0
07/07/2011,22:00,23.19,23.56,23.18,23.42,17198184,0
07/08/2011,22:00,23.25,23.33,23.07,23.31,12672592,0
07/11/2011,22:00,22.84,23.26,22.78,22.86,12599688,0
07/12/2011,22:00,22.85,23.00,22.66,22.81,7284340,0
07/13/2011,22:00,22.85,23.22,22.75,23.01,9458640,0
07/14/2011,22:00,23.08,23.24,22.81,22.99,10843256,0
07/15/2011,22:00,23.05,23.09,22.71,22.92,14370520,0
07/18/2011,22:00,22.73,22.90,22.62,22.66,11662476,0
07/19/2011,22:00,22.86,22.88,22.63,22.68,18579872,0
07/20/2011,22:00,22.70,22.74,22.54,22.65,9916380,0
07/21/2011,22:00,22.67,23.15,22.57,22.96,11621404,0
07/22/2011,22:00,23.01,23.07,22.86,22.93,7219292,0
07/25/2011,22:00,22.58,22.85,22.58,22.73,6965264,0
07/26/2011,22:00,22.75,22.83,22.55,22.58,7567036,0
07/27/2011,22:00,22.54,22.64,22.14,22.18,12686496,0
07/28/2011,22:00,22.22,22.84,22.22,22.62,14810500,0
07/29/2011,22:00,22.45,22.70,22.31,22.54,9905260,0
08/01/2011,22:00,22.54,22.61,22.00,22.33,10046856,0
08/02/2011,22:00,22.07,22.30,21.25,21.28,17061712,0
08/03/2011,22:00,21.31,21.78,20.73,21.77,15954416,0
08/04/2011,22:00,21.53,21.69,20.37,20.39,18850844,0
08/05/2011,22:00,20.62,21.13,20.08,20.97,21511344,0
08/08/2011,22:00,20.43,20.83,19.50,19.80,23861740,0
08/09/2011,22:00,20.09,20.66,19.25,20.63,21544172,0
08/10/2011,22:00,20.44,20.73,19.76,19.83,19309688,0
08/11/2011,22:00,19.88,21.10,19.83,20.81,14950476,0
08/12/2011,22:00,20.91,21.26,20.85,21.06,10663428,0
08/15/2011,22:00,21.15,21.29,20.69,21.28,10026920,0
08/16/2011,22:00,21.01,21.38,20.78,20.81,14041548,0
08/17/2011,22:00,20.91,21.15,20.46,20.64,12017568,0
08/18/2011,22:00,20.19,20.35,19.74,19.98,16644096,0
08/19/2011,22:00,19.65,20.37,19.63,19.65,12649044,0
08/22/2011,22:00,20.01,20.15,19.76,19.81,11138872,0
08/23/2011,22:00,19.90,20.91,19.77,20.90,12045996,0
08/24/2011,22:00,20.75,21.50,20.72,21.45,15281716,0
08/25/2011,22:00,21.45,21.62,20.87,20.94,12359904,0
08/26/2011,22:00,20.83,21.61,20.58,21.57,12231012,0
08/29/2011,22:00,21.78,22.15,21.70,22.14,11164216,0
08/30/2011,22:00,22.13,22.13,21.59,21.59,18831288,0
08/31/2011,22:00,21.76,22.13,21.54,21.66,13958308,0
09/01/2011,22:00,21.59,22.02,21.50,21.64,15754764,0
09/02/2011,22:00,21.21,21.46,20.95,21.01,10308284,0
09/06/2011,22:00,20.20,20.98,20.05,20.94,11293372,0
09/07/2011,22:00,21.26,21.63,21.04,21.63,11406104,0
09/08/2011,22:00,21.36,21.87,21.20,21.33,11198832,0
09/09/2011,22:00,21.08,21.35,20.62,20.63,14903332,0
09/12/2011,22:00,20.44,21.10,20.36,21.09,9917096,0
09/13/2011,22:00,21.10,21.59,21.01,21.45,11845780,0
09/14/2011,22:00,21.57,22.20,21.35,21.87,15416184,0
09/15/2011,22:00,22.06,22.10,21.69,22.01,11005976,0
09/16/2011,22:00,22.17,22.50,22.08,22.44,16175608,0
09/19/2011,22:00,22.04,22.63,22.01,22.55,14538136,0
09/20/2011,22:00,22.80,22.80,22.31,22.36,15854416,0
09/21/2011,22:00,22.37,22.41,21.39,21.43,20443052,0
09/22/2011,22:00,20.77,21.18,20.56,21.05,23763380,0
09/23/2011,22:00,21.94,22.50,21.67,22.16,36419584,0
09/26/2011,22:00,22.39,22.50,21.81,22.33,16838536,0
09/27/2011,22:00,22.60,23.14,22.50,22.65,17463132,0
09/28/2011,22:00,22.68,23.00,22.06,22.12,14258032,0
09/29/2011,22:00,22.40,22.50,21.36,22.00,14378396,0
09/30/2011,22:00,21.75,22.06,21.37,21.38,13958872,0
10/03/2011,22:00,21.24,21.55,20.75,20.76,14336152,0
10/04/2011,22:00,20.43,21.48,20.25,21.43,13781824,0
10/05/2011,22:00,21.48,22.06,21.33,21.95,14786624,0
10/06/2011,22:00,21.89,22.45,21.81,22.32,10604044,0
10/07/2011,22:00,22.32,22.47,21.90,22.04,10361812,0
10/10/2011,22:00,22.44,22.72,22.33,22.68,8209524,0
10/11/2011,22:00,22.52,22.67,22.36,22.46,8690600,0
10/12/2011,22:00,22.54,23.13,22.49,22.95,14055576,0
10/13/2011,22:00,22.76,23.13,22.73,23.05,8464984,0
10/14/2011,22:00,23.12,23.30,22.98,23.24,8571040,0
10/17/2011,22:00,23.07,23.22,22.68,22.75,8205940,0
10/18/2011,22:00,22.65,23.08,22.00,22.87,11126032,0
10/19/2011,22:00,22.86,23.13,22.77,22.82,8567088,0
10/20/2011,22:00,22.91,23.11,22.67,22.97,8445192,0
10/21/2011,22:00,23.19,23.59,23.13,23.59,12383636,0
10/24/2011,22:00,23.58,23.98,23.53,23.77,13173876,0
10/25/2011,22:00,23.57,23.83,23.37,23.44,9489032,0
10/26/2011,22:00,23.66,23.75,23.18,23.55,9555268,0
10/27/2011,22:00,24.03,24.12,23.86,23.96,15449024,0
10/28/2011,22:00,23.92,24.23,23.73,24.19,12221660,0
10/31/2011,22:00,23.94,24.42,23.89,24.09,12228196,0
11/01/2011,22:00,23.38,23.86,23.36,23.47,10651200,0
11/02/2011,22:00,23.91,23.95,23.52,23.74,11624508,0
11/03/2011,22:00,24.04,24.06,23.39,23.92,10792872,0
11/04/2011,22:00,23.78,24.00,23.40,23.59,8239472,0
11/07/2011,22:00,23.63,23.83,23.36,23.45,8731024,0
11/08/2011,22:00,23.60,23.91,23.43,23.85,9659228,0
11/09/2011,22:00,23.37,23.51,22.90,23.09,11706936,0
11/10/2011,22:00,23.35,23.64,23.14,23.48,9393636,0
11/11/2011,22:00,23.69,24.10,23.61,24.04,8108136,0
11/14/2011,22:00,23.93,24.22,23.80,23.94,6849268,0
11/15/2011,22:00,23.79,24.15,23.67,23.99,7013756,0
11/16/2011,22:00,23.78,23.88,23.39,23.42,8850336,0
11/17/2011,22:00,23.33,23.42,22.73,22.97,9039584,0
11/18/2011,22:00,23.16,23.37,22.86,23.19,9440908,0
11/21/2011,22:00,22.91,23.04,22.45,22.76,7354388,0
11/22/2011,22:00,22.80,23.16,22.75,22.91,7660112,0
11/23/2011,22:00,22.68,22.99,22.63,22.73,7470632,0
11/25/2011,22:00,22.64,22.97,22.57,22.57,3466416,0
11/28/2011,22:00,23.02,23.96,22.98,23.73,15442476,0
11/29/2011,22:00,23.81,23.86,23.58,23.72,11024736,0
11/30/2011,22:00,24.27,24.38,23.73,24.05,13493088,0
12/01/2011,22:00,23.84,24.08,23.63,23.81,9567020,0
12/02/2011,22:00,23.93,24.18,23.88,24.06,9465844,0
12/05/2011,22:00,24.13,24.37,23.99,24.15,8855780,0
12/06/2011,22:00,24.30,24.31,23.99,24.06,6987708,0
12/07/2011,22:00,24.19,24.25,23.82,23.97,11209200,0
12/08/2011,22:00,23.90,24.12,23.75,23.80,9393548,0
12/09/2011,22:00,23.87,24.56,23.83,24.42,12423136,0
12/12/2011,22:00,24.40,24.44,23.94,24.24,10852412,0
12/13/2011,22:00,24.34,24.45,23.60,23.76,10714364,0
12/14/2011,22:00,23.75,23.93,23.44,23.60,9455324,0
12/15/2011,22:00,23.93,23.93,23.35,23.52,10732104,0
12/16/2011,22:00,23.73,23.77,23.39,23.42,12788516,0
12/19/2011,22:00,23.50,23.53,23.26,23.34,8765352,0
12/20/2011,22:00,23.60,23.98,23.22,23.41,18300996,0
12/21/2011,22:00,23.96,24.32,23.57,24.09,25045312,0
12/22/2011,22:00,24.15,24.15,23.56,23.70,11711644,0
12/23/2011,22:00,23.82,24.23,23.69,24.23,7165328,0
12/27/2011,22:00,24.25,24.50,24.13,24.44,6448208,0
12/28/2011,22:00,24.48,24.50,24.07,24.11,6830312,0
12/29/2011,22:00,24.18,24.48,24.12,24.36,8571744,0
12/30/2011,22:00,24.35,24.39,24.09,24.09,6609360,0
01/03/2012,22:00,24.34,24.50,24.17,24.20,10944748,0
01/04/2012,22:00,24.17,24.69,24.13,24.56,9440992,0
01/05/2012,22:00,24.45,24.65,24.25,24.54,8393472,0
01/06/2012,22:00,24.48,24.62,24.38,24.50,7761100,0
01/09/2012,22:00,24.52,24.73,24.42,24.59,10045640,0
01/10/2012,22:00,24.71,24.73,24.42,24.62,9812672,0
01/11/2012,22:00,24.57,24.65,24.45,24.53,7002892,0
01/12/2012,22:00,24.57,24.78,24.43,24.77,7516552,0
01/13/2012,22:00,24.60,24.73,24.51,24.58,6534104,0
01/17/2012,22:00,24.66,24.86,24.51,24.81,8242316,0
01/18/2012,22:00,24.72,25.28,24.67,25.22,12278960,0
01/19/2012,22:00,25.18,25.49,25.13,25.40,9158364,0
01/20/2012,22:00,25.39,25.50,25.25,25.44,8949620,0
01/23/2012,22:00,25.44,25.74,25.29,25.39,8329840,0
01/24/2012,22:00,25.33,25.59,25.25,25.55,6564588,0
01/25/2012,22:00,25.48,25.82,25.47,25.80,11383852,0
01/26/2012,22:00,25.75,25.81,25.45,25.58,7528256,0
01/27/2012,22:00,25.53,25.66,25.38,25.53,6934356,0
01/30/2012,22:00,25.34,26.04,25.22,25.85,11892116,0
01/31/2012,22:00,26.14,26.24,25.86,26.00,24751676,0
02/01/2012,22:00,26.10,26.21,25.93,25.94,10000584,0
02/02/2012,22:00,26.00,26.05,25.64,25.70,9372956,0
02/03/2012,22:00,25.88,26.00,25.77,25.88,13192116,0
02/06/2012,22:00,25.76,25.97,25.67,25.86,6230512,0
02/07/2012,22:00,25.81,26.17,25.74,26.06,5231284,0
02/08/2012,22:00,26.25,26.67,26.13,26.48,11142884,0
02/09/2012,22:00,26.44,26.55,26.31,26.44,5847612,0
02/10/2012,22:00,26.27,26.40,26.19,26.35,6210240,0
02/13/2012,22:00,26.48,26.48,26.16,26.31,5875300,0
02/14/2012,22:00,26.20,26.66,26.07,26.66,9526104,0
02/15/2012,22:00,26.72,26.91,26.58,26.65,9935344,0
02/16/2012,22:00,26.61,26.86,26.39,26.54,6658048,0
02/17/2012,22:00,26.67,26.87,26.57,26.67,6957504,0
02/21/2012,22:00,26.65,26.80,26.18,26.24,7308812,0
02/22/2012,22:00,26.29,26.56,26.25,26.43,6237576,0
02/23/2012,22:00,26.45,26.67,26.39,26.53,5860712,0
02/24/2012,22:00,26.53,26.65,26.41,26.57,4675456,0
02/27/2012,22:00,26.47,26.93,26.39,26.79,6077336,0
02/28/2012,22:00,26.88,26.91,26.63,26.86,5047612,0
02/29/2012,22:00,26.88,27.07,26.73,26.98,7088784,0
03/01/2012,22:00,27.22,27.25,27.01,27.14,7070484,0
03/02/2012,22:00,27.16,27.26,26.99,27.18,7011520,0
03/05/2012,22:00,27.17,27.42,27.08,27.31,7173440,0
03/06/2012,22:00,27.17,27.31,26.74,26.83,7887532,0
03/07/2012,22:00,26.86,27.04,26.82,26.90,7177968,0
03/08/2012,22:00,27.02,27.13,26.92,26.98,4564984,0
03/09/2012,22:00,27.16,27.54,27.05,27.50,9813800,0
03/12/2012,22:00,27.20,27.48,27.15,27.36,9208152,0
03/13/2012,22:00,27.50,27.71,27.39,27.69,9531528,0
03/14/2012,22:00,27.72,27.81,27.54,27.58,7452476,0
03/15/2012,22:00,27.71,27.77,27.58,27.68,7297368,0
03/16/2012,22:00,27.68,27.94,27.64,27.81,14449704,0
03/19/2012,22:00,27.97,28.13,27.74,28.03,10399860,0
03/20/2012,22:00,27.99,28.24,27.93,27.93,10681592,0
03/21/2012,22:00,28.10,28.17,27.59,27.61,15109852,0
03/22/2012,22:00,27.53,27.91,27.27,27.75,20453720,0
03/23/2012,22:00,27.80,27.88,26.52,26.85,26509504,0
03/26/2012,22:00,26.97,27.20,26.93,27.14,12512888,0
03/27/2012,22:00,27.18,27.29,26.93,26.97,10131068,0
03/28/2012,22:00,26.95,26.98,26.57,26.81,9239464,0
03/29/2012,22:00,26.58,27.00,26.58,26.96,7893404,0
03/30/2012,22:00,27.09,27.30,26.96,27.11,9274972,0
04/02/2012,22:00,27.11,27.46,27.00,27.25,9788152,0
04/03/2012,22:00,27.20,27.47,27.08,27.47,8829028,0
04/04/2012,22:00,27.29,27.47,27.17,27.37,8866628,0
04/05/2012,22:00,27.25,27.63,27.25,27.60,8787496,0
04/09/2012,22:00,27.19,27.75,27.13,27.67,11309528,0
04/10/2012,22:00,27.63,27.63,26.48,26.61,16864452,0
04/11/2012,22:00,26.92,27.19,26.87,27.06,12034652,0
04/12/2012,22:00,27.00,27.17,26.79,27.16,11554908,0
04/13/2012,22:00,27.21,27.41,27.07,27.20,5761444,0
04/16/2012,22:00,27.30,27.47,27.17,27.35,7135028,0
04/17/2012,22:00,27.47,27.50,27.30,27.46,5771632,0
04/18/2012,22:00,27.33,27.74,27.26,27.64,8174804,0
04/19/2012,22:00,27.60,27.74,27.26,27.40,8027308,0
04/20/2012,22:00,27.50,27.86,27.43,27.69,9299516,0
04/23/2012,22:00,27.46,27.50,27.17,27.44,6355212,0
04/24/2012,22:00,27.25,27.44,26.58,26.69,13256108,0
04/25/2012,22:00,26.79,27.26,26.73,27.26,8388120,0
04/26/2012,22:00,27.25,27.69,27.18,27.59,6229044,0
04/27/2012,22:00,27.52,27.89,27.45,27.66,8910468,0
04/30/2012,22:00,27.75,28.00,27.75,27.97,9552032,0
05/01/2012,22:00,27.98,28.00,27.63,27.83,10164952,0
05/02/2012,22:00,27.81,28.64,27.76,28.57,10582840,0
05/03/2012,22:00,28.55,28.70,28.38,28.60,10341216,0
05/04/2012,22:00,28.48,28.51,27.89,27.95,7213416,0
05/07/2012,22:00,27.85,28.08,27.80,27.85,6863620,0
05/08/2012,22:00,27.45,27.54,26.64,27.18,14061324,0
05/09/2012,22:00,26.88,27.22,26.77,27.04,9042992,0
05/10/2012,22:00,27.26,27.38,26.81,26.89,9458644,0
05/11/2012,22:00,26.80,27.33,26.67,27.07,6328280,0
05/14/2012,22:00,26.91,27.11,26.74,26.87,5636340,0
05/15/2012,22:00,26.88,27.25,26.75,26.81,7127348,0
05/16/2012,22:00,26.94,27.23,26.56,26.75,9964948,0
05/17/2012,22:00,26.69,26.75,26.07,26.08,9444252,0
05/18/2012,22:00,26.35,26.94,26.27,26.36,15844676,0
05/21/2012,22:00,26.33,26.84,26.33,26.81,9034332,0
05/22/2012,22:00,26.81,27.29,26.80,27.11,10213704,0
05/23/2012,22:00,26.98,27.25,26.55,26.88,8513000,0
05/24/2012,22:00,26.93,27.16,26.69,26.87,8629232,0
05/25/2012,22:00,26.98,27.30,26.91,27.20,6688088,0
05/29/2012,22:00,27.39,27.73,27.28,27.73,8735144,0
05/30/2012,22:00,27.40,27.58,27.06,27.15,10357184,0
05/31/2012,22:00,27.15,27.21,26.67,27.05,10796764,0
06/01/2012,22:00,26.58,26.64,26.05,26.15,9376116,0
06/04/2012,22:00,26.15,26.28,25.78,26.17,10201752,0
06/05/2012,22:00,26.08,26.44,26.00,26.38,9183184,0
06/06/2012,22:00,26.52,26.77,26.43,26.77,7793740,0
06/07/2012,22:00,26.99,27.10,26.56,26.84,7079216,0
06/08/2012,22:00,26.84,27.19,26.58,27.16,7254216,0
06/11/2012,22:00,27.28,27.48,26.85,26.86,6257524,0
06/12/2012,22:00,26.97,27.17,26.68,26.90,10159568,0
06/13/2012,22:00,26.88,26.88,25.32,25.56,22770100,0
06/14/2012,22:00,25.86,25.86,24.84,25.00,24052476,0
06/15/2012,22:00,25.06,25.50,24.89,25.44,16849360,0
06/18/2012,22:00,25.38,25.43,25.03,25.35,12657712,0
06/19/2012,22:00,25.37,25.66,25.33,25.39,8654856,0
06/20/2012,22:00,25.67,25.68,25.16,25.30,12842596,0
06/21/2012,22:00,25.34,25.61,24.63,24.67,16054088,0
06/22/2012,22:00,24.73,24.88,24.57,24.85,15367652,0
06/25/2012,22:00,24.59,24.68,24.17,24.36,11873676,0
06/26/2012,22:00,24.47,24.72,24.33,24.61,9579964,0
06/27/2012,22:00,24.73,24.90,24.38,24.53,11222356,0
06/28/2012,22:00,24.39,24.62,23.96,24.22,23916616,0
06/29/2012,22:00,21.96,22.63,21.27,21.94,86377976,0
07/02/2012,22:00,22.10,22.37,22.01,22.21,23504332,0
07/03/2012,22:00,22.34,22.65,22.06,22.63,14690604,0
07/05/2012,22:00,22.67,23.17,22.64,23.05,22258332,0
07/06/2012,22:00,22.90,23.06,22.69,22.84,16221848,0
07/09/2012,22:00,22.81,22.92,22.50,22.57,13910464,0
07/10/2012,22:00,22.65,23.00,22.65,22.82,14528896,0
07/11/2012,22:00,22.92,23.10,22.63,23.07,17392284,0
07/12/2012,22:00,22.99,23.06,22.55,22.95,14967544,0
07/13/2012,22:00,23.08,23.57,23.01,23.49,11427492,0
07/16/2012,22:00,23.42,23.47,23.22,23.25,11684716,0
07/17/2012,22:00,23.10,23.36,22.98,23.19,10659856,0
07/18/2012,22:00,23.10,23.74,23.00,23.66,10963892,0
07/19/2012,22:00,23.80,24.00,23.53,23.82,10861104,0
07/20/2012,22:00,23.69,23.75,23.26,23.27,11977104,0
07/23/2012,22:00,22.97,23.32,22.83,23.21,8620140,0
07/24/2012,22:00,23.38,23.48,23.10,23.24,8305424,0
07/25/2012,22:00,23.33,23.56,23.27,23.38,8244776,0
07/26/2012,22:00,23.62,24.22,23.57,24.15,14772084,0
07/27/2012,22:00,24.21,24.36,23.91,24.26,10419672,0
07/30/2012,22:00,24.23,24.44,23.87,23.96,9112868,0
07/31/2012,22:00,23.77,23.90,23.31,23.34,13069892,0
08/01/2012,22:00,23.41,23.58,23.19,23.25,9594268,0
08/02/2012,22:00,23.00,23.25,22.76,23.14,10461928,0
08/03/2012,22:00,23.40,23.66,23.34,23.64,8997196,0
08/06/2012,22:00,23.69,23.93,23.66,23.88,6321600,0
08/07/2012,22:00,23.97,24.30,23.91,24.04,8313028,0
08/08/2012,22:00,23.95,24.05,23.80,23.98,8273884,0
08/09/2012,22:00,23.89,23.99,23.73,23.76,9914200,0
08/10/2012,22:00,23.66,23.75,23.58,23.63,9283752,0
08/13/2012,22:00,23.59,23.98,23.47,23.96,6880264,0
08/14/2012,22:00,23.89,24.03,23.67,23.73,10998804,0
08/15/2012,22:00,23.73,23.92,23.54,23.56,10466376,0
08/16/2012,22:00,23.55,23.85,23.36,23.69,13942756,0
08/17/2012,22:00,23.81,24.11,23.71,24.07,12295604,0
08/20/2012,22:00,24.06,24.19,23.90,23.94,7441464,0
08/21/2012,22:00,23.98,24.07,23.79,23.96,8553096,0
08/22/2012,22:00,23.94,24.00,23.80,23.94,6466520,0
08/23/2012,22:00,23.92,24.00,23.74,23.86,6761760,0
08/24/2012,22:00,23.93,24.28,23.86,24.22,9763736,0
08/27/2012,22:00,24.23,24.31,24.02,24.11,6921328,0
08/28/2012,22:00,24.05,24.82,23.96,24.72,16473500,0
08/29/2012,22:00,24.74,24.75,24.55,24.67,9467856,0
08/30/2012,22:00,24.47,24.62,24.38,24.44,7020252,0
08/31/2012,22:00,24.50,24.63,24.24,24.34,8129188,0
09/04/2012,22:00,24.33,24.47,24.06,24.32,7589144,0
09/05/2012,22:00,24.37,24.44,24.24,24.34,6288000,0
09/06/2012,22:00,24.45,24.89,24.37,24.86,9090548,0
09/07/2012,22:00,24.82,24.94,24.72,24.82,6991508,0
09/10/2012,22:00,24.81,25.23,24.76,25.01,8678360,0
09/11/2012,22:00,24.86,25.05,24.78,24.92,9840004,0
09/12/2012,22:00,24.92,25.23,24.85,25.21,9197820,0
09/13/2012,22:00,24.76,24.95,24.57,24.80,17325628,0
09/14/2012,22:00,24.73,24.77,23.97,24.16,22892364,0
09/17/2012,22:00,24.05,24.51,24.02,24.49,9378872,0
09/18/2012,22:00,24.44,24.56,24.27,24.43,13601084,0
09/19/2012,22:00,25.06,25.13,24.40,24.42,18671940,0
09/20/2012,22:00,24.52,24.60,24.09,24.18,12852268,0
09/21/2012,22:00,24.39,24.39,24.05,24.13,13667268,0
09/24/2012,22:00,23.81,24.09,23.50,23.83,11824724,0
09/25/2012,22:00,23.82,24.09,23.75,23.77,15992632,0
09/26/2012,22:00,23.74,24.05,23.58,23.87,11865724,0
09/27/2012,22:00,23.95,24.16,23.66,24.00,19397772,0
09/28/2012,22:00,23.26,24.05,23.20,23.73,27356236,0
10/01/2012,22:00,23.73,24.05,23.66,23.89,11076188,0
10/02/2012,22:00,23.97,24.05,23.65,23.74,11305536,0
10/03/2012,22:00,23.71,23.89,23.41,23.45,14771180,0
10/04/2012,22:00,23.50,23.99,23.50,23.97,13062220,0
10/05/2012,22:00,24.03,24.13,23.72,23.81,9246856,0
10/08/2012,22:00,23.70,23.95,23.69,23.75,5637704,0
10/09/2012,22:00,23.69,23.92,23.60,23.62,9778608,0
10/10/2012,22:00,23.72,23.86,23.54,23.56,7208668,0
10/11/2012,22:00,23.66,23.87,23.63,23.73,7937272,0
10/12/2012,22:00,23.76,23.86,23.58,23.60,6536940,0
10/15/2012,22:00,23.63,23.95,23.59,23.90,7527692,0
10/16/2012,22:00,24.08,24.40,24.03,24.31,10011756,0
10/17/2012,22:00,24.32,24.50,24.23,24.39,7125780,0
10/18/2012,22:00,24.34,24.52,24.25,24.39,7797548,0
10/19/2012,22:00,24.39,24.52,24.02,24.11,9341184,0
10/22/2012,22:00,23.85,24.09,23.45,23.62,8992508,0
10/23/2012,22:00,23.56,23.56,23.19,23.20,9384352,0
10/24/2012,22:00,23.43,23.45,23.11,23.22,9947324,0
10/25/2012,22:00,23.24,23.38,22.78,22.83,10019428,0
10/26/2012,22:00,22.75,22.84,22.58,22.79,12443900,0
10/31/2012,22:00,22.76,22.95,22.69,22.84,9126336,0
11/01/2012,22:00,23.00,23.90,22.98,23.84,14254780,0
11/02/2012,22:00,23.92,24.18,23.62,23.64,7264300,0
11/05/2012,22:00,23.69,23.87,23.59,23.82,5872448,0
11/06/2012,22:00,23.81,24.03,23.69,24.03,7824448,0
11/07/2012,22:00,23.93,23.97,23.66,23.66,7664192,0
11/08/2012,22:00,23.58,23.65,22.97,22.97,10450160,0
11/09/2012,22:00,22.92,23.25,22.92,23.08,7748540,0
11/12/2012,22:00,23.13,23.30,23.00,23.07,5979020,0
11/13/2012,22:00,22.79,23.17,22.76,22.87,7245696,0
11/14/2012,22:00,22.94,22.99,22.41,22.65,13021540,0
11/15/2012,22:00,22.52,22.81,22.52,22.71,7768244,0
11/16/2012,22:00,22.96,23.19,22.85,23.15,11990304,0
11/19/2012,22:00,23.37,24.08,23.36,24.08,10462060,0
11/20/2012,22:00,24.05,24.13,23.82,23.90,9103024,0
11/21/2012,22:00,23.90,23.96,23.74,23.90,7363400,0
11/23/2012,22:00,24.01,24.19,23.97,24.19,3316144,0
11/26/2012,22:00,23.94,24.42,23.84,24.42,12054016,0
11/27/2012,22:00,24.01,24.50,24.01,24.25,8536828,0
11/28/2012,22:00,24.23,24.79,24.15,24.78,8613932,0
11/29/2012,22:00,24.90,25.08,24.70,24.74,9743852,0
11/30/2012,22:00,24.61,24.63,24.23,24.37,12675888,0
12/03/2012,22:00,24.45,24.73,24.27,24.39,8687900,0
12/04/2012,22:00,24.44,24.59,24.31,24.42,7028136,0
12/05/2012,22:00,24.44,24.52,24.15,24.42,6798276,0
12/06/2012,22:00,24.34,24.67,24.31,24.60,9108688,0
12/07/2012,22:00,24.72,24.75,24.43,24.65,7417768,0
12/10/2012,22:00,24.75,24.83,24.50,24.52,7276468,0
12/11/2012,22:00,24.51,24.88,24.46,24.85,9234632,0
12/12/2012,22:00,24.85,25.00,24.65,24.80,10656428,0
12/13/2012,22:00,24.78,24.89,24.26,24.33,7446360,0
12/14/2012,22:00,24.28,24.47,24.21,24.23,8661636,0
12/17/2012,22:00,24.31,24.52,24.20,24.50,8381424,0
12/18/2012,22:00,24.56,24.75,24.43,24.73,7873336,0
12/19/2012,22:00,24.70,24.80,24.44,24.44,7879160,0
12/20/2012,22:00,24.50,24.76,24.30,24.75,12000000,0
12/21/2012,22:00,25.63,26.37,25.29,26.27,27914640,0
12/24/2012,22:00,26.14,26.56,26.09,26.40,5999844,0
12/26/2012,22:00,26.24,26.25,25.59,25.67,8090948,0
12/27/2012,22:00,25.61,25.97,25.47,25.88,7850244,0
12/28/2012,22:00,25.67,25.86,25.50,25.50,6432302,0
12/31/2012,22:00,25.38,25.82,25.30,25.80,6807232,0
