"Date","Time","Open","High","Low","Close","Vol","OI"
02/21/2008,23:00,626.4053,626.4053,626.4053,626.4053,300,0
05/15/2009,23:00,440.9174,440.9174,440.9174,440.9174,3410,0
10/01/2009,23:00,684.7758,684.7758,684.7758,684.7758,20,0
12/04/2009,23:00,655.8000,655.8000,655.8000,655.8000,1,0
10/11/2010,23:00,660.0000,660.0000,660.0000,660.0000,50,0
10/13/2010,23:00,660.0000,660.0000,660.0000,660.0000,50,0
01/06/2011,23:00,830.0000,830.0000,830.0000,830.0000,12,0
01/27/2011,23:00,448.0000,448.0000,448.0000,448.0000,60,0
04/18/2011,23:00,800.0000,800.0000,800.0000,800.0000,5,0
11/21/2011,23:00,835.0000,835.0000,835.0000,835.0000,10,0
01/18/2012,23:00,907.0000,907.0000,907.0000,907.0000,3,0
02/06/2012,23:00,965.0000,965.0000,965.0000,965.0000,55,0
04/05/2012,23:00,1210.0000,1210.0000,1210.0000,1210.0000,32,0
05/01/2012,23:00,1250.0000,1250.0000,1250.0000,1250.0000,7,0
05/17/2012,23:00,1046.2288,1046.2288,1046.2288,1046.2288,1047,0
05/18/2012,23:00,1003.0244,1003.0244,1003.0244,1003.0244,230,0
06/04/2012,23:00,1000.0000,1000.0000,1000.0000,1000.0000,2,0
08/06/2012,23:00,1200.0000,1200.0000,1200.0000,1200.0000,104,0
08/07/2012,23:00,1148.4280,1148.4280,1148.4280,1148.4280,3338,0
08/13/2012,23:00,1210.0000,1210.0000,1210.0000,1210.0000,5,0
10/03/2012,23:00,1250.0000,1250.0000,1250.0000,1250.0000,7,0
11/19/2012,23:00,1250.0000,1250.0000,1250.0000,1250.0000,19,0
12/03/2012,23:00,1350.0000,1350.0000,1350.0000,1350.0000,79,0
12/11/2012,23:00,1350.0000,1350.0000,1350.0000,1350.0000,525,0
01/17/2013,23:00,1475.0000,1475.0000,1475.0000,1475.0000,21,0
01/18/2013,23:00,1410.0000,1410.0000,1410.0000,1410.0000,123,0
01/22/2013,23:00,1350.0000,1350.0000,1350.0000,1350.0000,4,0
01/29/2013,23:00,1360.0000,1375.0000,1360.0000,1375.0000,110,0
02/05/2013,23:00,1400.0000,1400.0000,1400.0000,1400.0000,39,0
02/13/2013,23:00,1425.0000,1425.0000,1425.0000,1425.0000,252,0
02/19/2013,23:00,1450.0000,1450.0000,1450.0000,1450.0000,4,0
02/21/2013,23:00,1475.0000,1475.0000,1475.0000,1475.0000,37,0
02/22/2013,23:00,1500.0000,1500.0000,1500.0000,1500.0000,30,0
03/13/2013,23:00,1450.0000,1450.0000,1450.0000,1450.0000,131,0
03/18/2013,23:00,1350.0000,1350.0000,1350.0000,1350.0000,95,0
03/21/2013,23:00,1350.0000,1350.0000,1350.0000,1350.0000,37,0
03/26/2013,23:00,1415.0000,1415.0000,1415.0000,1415.0000,8,0
04/03/2013,23:00,1425.0000,1425.0000,1425.0000,1425.0000,6,0
04/05/2013,23:00,1385.0000,1385.0000,1385.0000,1385.0000,29,0
04/10/2013,23:00,1375.0000,1375.0000,1375.0000,1375.0000,4,0
04/22/2013,23:00,1300.0000,1300.0000,1300.0000,1300.0000,7,0
04/30/2013,23:00,1410.0000,1410.0000,1410.0000,1410.0000,24,0
05/01/2013,23:00,1350.0000,1350.0000,1350.0000,1350.0000,1,0
05/07/2013,23:00,1425.0000,1425.0000,1410.0000,1410.0000,137,0
05/13/2013,23:00,1335.0000,1335.0000,1335.0000,1335.0000,21,0
05/23/2013,23:00,1300.0000,1300.0000,1300.0000,1300.0000,5,0
06/03/2013,23:00,1405.0000,1405.0000,1405.0000,1405.0000,15,0
06/05/2013,23:00,1400.0000,1400.0000,1400.0000,1400.0000,134,0
06/26/2013,23:00,1050.0000,1050.0000,1050.0000,1050.0000,603,0
06/28/2013,23:00,1140.0000,1140.0000,1140.0000,1140.0000,160,0
07/10/2013,23:00,1150.0000,1150.0000,1150.0000,1150.0000,135,0
07/15/2013,23:00,1188.0000,1188.0000,1188.0000,1188.0000,110,0
07/25/2013,23:00,1151.0000,1200.0000,1151.0000,1200.0000,13,0
08/07/2013,23:00,1150.0000,1150.0000,1111.1000,1111.1000,910,0
08/08/2013,23:00,1075.0000,1075.0000,1075.0000,1075.0000,44,0
08/27/2013,23:00,1115.0000,1115.0000,1115.0000,1115.0000,5,0
08/28/2013,23:00,1200.0000,1200.0000,1200.0000,1200.0000,5,0
08/29/2013,23:00,1230.0000,1230.0000,1230.0000,1230.0000,4,0
08/30/2013,23:00,1250.0000,1250.0000,1250.0000,1250.0000,3,0
09/03/2013,23:00,1238.0000,1238.0000,1238.0000,1238.0000,8,0
09/05/2013,23:00,1267.0000,1267.0000,1267.0000,1267.0000,298,0
09/06/2013,23:00,1290.0000,1290.0000,1290.0000,1290.0000,109,0
09/13/2013,23:00,1325.0000,1325.0000,1325.0000,1325.0000,27,0
09/16/2013,23:00,1350.0000,1350.0000,1350.0000,1350.0000,5,0
09/19/2013,23:00,1330.0000,1330.0000,1330.0000,1330.0000,5,0
09/23/2013,23:00,1300.0000,1300.0000,1300.0000,1300.0000,8,0
09/30/2013,23:00,1320.0000,1320.0000,1320.0000,1320.0000,2,0
10/01/2013,23:00,1310.0000,1310.0000,1310.0000,1310.0000,10,0
10/16/2013,23:00,1400.0000,1400.0000,1400.0000,1400.0000,112,0
10/18/2013,23:00,1450.0000,1450.0000,1450.0000,1450.0000,35,0
10/28/2013,23:00,1450.0000,1450.0000,1450.0000,1450.0000,2,0
11/07/2013,23:00,1300.0000,1300.0000,1300.0000,1300.0000,164,0
11/12/2013,23:00,1300.0000,1400.0000,1300.0000,1400.0000,25,0
11/14/2013,23:00,1375.0000,1375.0000,1375.0000,1375.0000,9,0
11/20/2013,23:00,1430.0000,1430.0000,1430.0000,1430.0000,11,0
11/22/2013,23:00,1400.0000,1400.0000,1400.0000,1400.0000,5,0
12/04/2013,23:00,1300.0000,1300.0000,1300.0000,1300.0000,40,0
12/24/2013,23:00,1375.0000,1375.0000,1375.0000,1375.0000,111,0
01/02/2014,23:00,1300.0000,1300.0000,1300.0000,1300.0000,60,0
01/21/2014,23:00,1275.0000,1275.0000,1275.0000,1275.0000,1,0
02/06/2014,23:00,1250.0000,1250.0000,1250.0000,1250.0000,26,0
02/18/2014,23:00,1250.0000,1250.0000,1250.0000,1250.0000,8,0
02/25/2014,23:00,1275.0000,1275.0000,1275.0000,1275.0000,18,0
03/06/2014,23:00,1275.0000,1275.0000,1275.0000,1275.0000,356,0
03/12/2014,23:00,1250.0000,1250.0000,1250.0000,1250.0000,24,0
03/13/2014,23:00,1180.0000,1180.0000,1180.0000,1180.0000,15,0
03/20/2014,23:00,1100.0000,1100.0000,1100.0000,1100.0000,18,0
03/21/2014,23:00,1220.0000,1220.0000,1220.0000,1220.0000,172,0
04/02/2014,23:00,1300.0000,1300.0000,1300.0000,1300.0000,3,0
05/08/2014,23:00,1350.0000,1350.0000,1350.0000,1350.0000,6,0
05/12/2014,23:00,1300.0000,1300.0000,1300.0000,1300.0000,30,0
05/30/2014,23:00,1500.0000,1500.0000,1500.0000,1500.0000,124,0
06/03/2014,23:00,1400.0000,1400.0000,1400.0000,1400.0000,72,0
07/23/2014,23:00,1320.0000,1320.0000,1320.0000,1320.0000,134,0
07/28/2014,23:00,1350.0000,1350.0000,1350.0000,1350.0000,27,0
07/29/2014,23:00,1400.0000,1400.0000,1400.0000,1400.0000,10,0
08/07/2014,23:00,1238.0000,1238.0000,1238.0000,1238.0000,12,0
08/08/2014,23:00,1235.0000,1235.0000,1235.0000,1235.0000,10,0
08/12/2014,23:00,1246.1573,1275.0000,1246.1573,1275.0000,825,0
08/15/2014,23:00,1200.0000,1200.0000,1200.0000,1200.0000,35,0
08/18/2014,23:00,1250.0000,1250.0000,1250.0000,1250.0000,298,0
08/19/2014,23:00,1250.0000,1250.0000,1250.0000,1250.0000,14,0
08/22/2014,23:00,1200.0000,1200.0000,1200.0000,1200.0000,6,0
08/29/2014,23:00,1180.0000,1180.0000,1180.0000,1180.0000,4,0
09/04/2014,23:00,1150.0000,1150.0000,1150.0000,1150.0000,4,0
09/09/2014,23:00,1175.0000,1175.0000,1175.0000,1175.0000,1,0
09/19/2014,23:00,1210.0000,1210.0000,1210.0000,1210.0000,90,0
09/25/2014,23:00,1108.7871,1108.7871,1108.7871,1108.7871,225,0
10/13/2014,23:00,1100.0000,1100.0000,1100.0000,1100.0000,559,0
10/15/2014,23:00,1059.2194,1130.0000,1059.2194,1130.0000,582,0
10/23/2014,23:00,1056.0313,1056.0313,1056.0313,1056.0313,642,0
10/27/2014,23:00,1000.0000,1010.0000,1000.0000,1010.0000,142,0
10/30/2014,23:00,1050.0000,1050.0000,1050.0000,1050.0000,84,0
10/31/2014,23:00,1125.7712,1125.7712,1125.7712,1125.7712,220,0
11/10/2014,23:00,1225.0000,1225.0000,1225.0000,1225.0000,15,0
11/11/2014,23:00,1100.0000,1100.0000,1100.0000,1100.0000,27,0
11/13/2014,23:00,1100.2372,1100.2372,1100.2372,1100.2372,69,0
11/17/2014,23:00,1050.0000,1050.0000,1050.0000,1050.0000,47,0
11/18/2014,23:00,1101.0000,1101.0000,1101.0000,1101.0000,91,0
11/24/2014,23:00,1080.0000,1080.0000,1080.0000,1080.0000,20,0
12/02/2014,23:00,1100.0000,1100.0000,1100.0000,1100.0000,8,0
01/05/2015,23:00,1250.0000,1250.0000,1250.0000,1250.0000,70,0
02/06/2015,23:00,1200.0000,1200.0000,1200.0000,1200.0000,2,0
02/20/2015,23:00,1200.0000,1200.0000,1200.0000,1200.0000,3,0
04/06/2015,23:00,1275.0000,1275.0000,1275.0000,1275.0000,5,0
04/09/2015,23:00,1275.0000,1275.0000,1275.0000,1275.0000,7,0
04/22/2015,23:00,1275.0000,1275.0000,1275.0000,1275.0000,59,0
04/27/2015,23:00,1286.8488,1286.8488,1286.8488,1286.8488,200,0
05/21/2015,23:00,1239.1385,1239.1385,1239.1385,1239.1385,1738,0
05/27/2015,23:00,1150.0000,1150.0000,1150.0000,1150.0000,82,0
06/12/2015,23:00,1200.0000,1200.0000,1200.0000,1200.0000,59,0
06/23/2015,23:00,1175.0000,1175.0000,1175.0000,1175.0000,18,0
06/24/2015,23:00,1147.0000,1147.0000,1147.0000,1147.0000,1,0
06/29/2015,23:00,1110.0000,1110.0000,1110.0000,1110.0000,110,0
07/28/2015,23:00,1047.0000,1047.0000,1047.0000,1047.0000,10,0
07/31/2015,23:00,1000.0000,1000.0000,1000.0000,1000.0000,32,0
08/10/2015,23:00,969.4026,969.4026,969.4026,969.4026,25,0
08/27/2015,23:00,850.0000,850.0000,850.0000,850.0000,41,0
08/28/2015,23:00,875.0000,875.0000,875.0000,875.0000,245,0
09/02/2015,23:00,932.5100,932.5100,932.5100,932.5100,214,0
09/23/2015,23:00,900.0000,900.0000,900.0000,900.0000,5,0
09/29/2015,23:00,875.0000,875.0000,875.0000,875.0000,2,0
10/08/2015,23:00,1000.0000,1000.0000,1000.0000,1000.0000,988,0
10/15/2015,23:00,1050.0000,1050.0000,1050.0000,1050.0000,10,0
11/05/2015,23:00,1100.0000,1100.0000,1100.0000,1100.0000,67,0
12/18/2015,23:00,1025.0000,1025.0000,1025.0000,1025.0000,2,0
12/28/2015,23:00,1025.0000,1025.0000,1025.0000,1025.0000,12,0
02/18/2016,23:00,1000.0000,1000.0000,1000.0000,1000.0000,25,0
04/12/2016,23:00,1050.0000,1050.0000,1050.0000,1050.0000,15,0
06/13/2016,23:00,1120.0000,1120.0000,1120.0000,1120.0000,88,0
06/21/2016,23:00,1220.0000,1220.0000,1220.0000,1220.0000,20,0
08/30/2016,23:00,1250.0000,1250.0000,1250.0000,1250.0000,27,0
09/23/2016,23:00,1550.0000,1550.0000,1490.0000,1550.0000,113,0
10/05/2016,23:00,1600.0000,1600.0000,1600.0000,1600.0000,397,0
10/07/2016,23:00,1350.0000,1350.0000,1350.0000,1350.0000,819,0
10/10/2016,23:00,1350.0000,1350.0000,1350.0000,1350.0000,14,0
10/13/2016,23:00,1425.0000,1425.0000,1425.0000,1425.0000,102,0
10/19/2016,23:00,1250.0000,1450.0000,1250.0000,1250.0000,138,0
01/24/2017,23:00,1400.0000,1400.0000,1400.0000,1400.0000,96,0
01/27/2017,23:00,1500.0000,1500.0000,1500.0000,1500.0000,76,0
02/22/2017,23:00,1500.0000,1500.0000,1500.0000,1500.0000,7,0
03/01/2017,23:00,1500.0000,1500.0000,1500.0000,1500.0000,3,0
04/18/2017,23:00,1850.0000,1850.0000,1850.0000,1850.0000,107,0
04/28/2017,23:00,1850.0000,1970.0000,1850.0000,1850.0000,353,0
05/02/2017,23:00,1850.0000,1850.0000,1850.0000,1850.0000,3,0
05/19/2017,23:00,1800.0000,1800.0000,1800.0000,1800.0000,1,0
05/26/2017,23:00,2000.0000,2000.0000,2000.0000,2000.0000,125,0
07/07/2017,23:00,2080.0000,2080.0000,2080.0000,2080.0000,53,0
07/20/2017,23:00,2320.0000,2320.0000,2320.0000,2320.0000,52,0
07/21/2017,23:00,2081.0000,2081.0000,2081.0000,2081.0000,2,0
07/26/2017,23:00,2100.0000,2100.0000,2100.0000,2100.0000,3,0
08/22/2017,23:00,2030.0000,2030.0000,2030.0000,2030.0000,4,0
08/23/2017,23:00,2020.0000,2020.0000,2000.0000,2020.0000,12,0
08/24/2017,23:00,2000.0000,2000.0000,1900.0000,2000.0000,32,0
08/28/2017,23:00,1950.0000,1950.0000,1900.0000,1950.0000,70,0
08/30/2017,23:00,1950.0000,1950.0000,1950.0000,1950.0000,3,0
09/01/2017,23:00,1975.0000,1975.0000,1975.0000,1975.0000,19,0
09/11/2017,23:00,2100.0000,2100.0000,2100.0000,2100.0000,7,0
09/27/2017,23:00,2150.0000,2150.0000,2150.0000,2150.0000,18,0
10/03/2017,23:00,2150.0000,2150.0000,2150.0000,2150.0000,6,0
11/03/2017,23:00,2450.0000,2450.0000,2450.0000,2450.0000,20,0
11/06/2017,23:00,2400.0000,2400.0000,2400.0000,2400.0000,14,0
11/07/2017,23:00,2400.0000,2400.0000,2400.0000,2400.0000,2,0
11/14/2017,23:00,2400.0000,2400.0000,2400.0000,2400.0000,2,0
11/28/2017,23:00,2400.0000,2400.0000,2400.0000,2400.0000,1,0
12/04/2017,23:00,2280.0000,2280.0000,2280.0000,2280.0000,2,0
