"Date","Time","Open","High","Low","Close","Vol","OI"
01/09/2008,23:00,68.0000,68.2500,67.8500,68.0000,438,0
01/10/2008,23:00,66.9000,66.9000,66.9000,66.9000,250,0
01/14/2008,23:00,66.1000,66.3000,66.0500,66.1000,3750,0
01/17/2008,23:00,59.1000,59.1000,59.1000,59.1000,400,0
01/22/2008,23:00,58.0940,58.0940,58.0940,58.0940,500,0
01/30/2008,23:00,65.0000,65.0000,62.9500,65.0000,400,0
01/31/2008,23:00,61.8000,61.8000,61.8000,61.8000,1690,0
02/01/2008,23:00,66.0000,66.0000,66.0000,66.0000,150,0
02/04/2008,23:00,63.8000,63.8000,63.8000,63.8000,1000,0
02/05/2008,23:00,61.9000,62.1000,61.9000,61.9000,830,0
02/06/2008,23:00,62.0000,62.0000,62.0000,62.0000,300,0
02/08/2008,23:00,60.7500,60.7500,60.7500,60.7500,230,0
02/20/2008,23:00,63.0000,63.0000,63.0000,63.0000,150,0
02/22/2008,23:00,64.4000,64.4000,64.4000,64.4000,500,0
02/25/2008,23:00,64.0000,64.0000,64.0000,64.0000,150,0
02/26/2008,23:00,64.6500,64.6500,64.6500,64.6500,150,0
03/03/2008,23:00,63.5800,63.5800,63.5800,63.5800,22864,0
03/04/2008,23:00,63.9836,63.9836,63.9836,63.9836,500,0
03/05/2008,23:00,63.7500,64.2500,63.7500,63.7500,400,0
03/06/2008,23:00,62.3000,62.3000,62.3000,62.3000,100,0
03/11/2008,23:00,62.6500,62.6500,62.5000,62.6500,370,0
03/17/2008,23:00,61.6500,61.6500,61.6500,61.6500,200,0
03/20/2008,23:00,60.3000,60.3000,60.3000,60.3000,100,0
03/28/2008,23:00,65.3000,65.5000,65.3000,65.3000,475,0
03/31/2008,23:00,66.4500,66.5000,66.1500,66.4500,7140,0
04/02/2008,23:00,66.5000,66.5000,66.5000,66.5000,325,0
04/03/2008,23:00,65.4728,65.4728,65.4728,65.4728,2900,0
04/07/2008,23:00,66.0000,66.0000,66.0000,66.0000,250,0
04/08/2008,23:00,65.3500,65.5000,65.3500,65.3500,300,0
04/11/2008,23:00,63.5000,63.9000,63.5000,63.5000,2000,0
04/14/2008,23:00,64.2500,64.2500,63.5000,64.2500,360,0
04/18/2008,23:00,65.9083,65.9083,65.9083,65.9083,200,0
04/25/2008,23:00,65.0000,65.0000,64.7500,65.0000,320,0
05/01/2008,23:00,63.0000,63.0000,63.0000,63.0000,271,0
05/06/2008,23:00,66.6500,66.6500,66.6500,66.6500,270,0
05/13/2008,23:00,69.1000,69.1000,69.1000,69.1000,340,0
05/14/2008,23:00,68.8000,68.8000,68.8000,68.8000,155,0
05/21/2008,23:00,70.9000,70.9000,70.9000,70.9000,100,0
05/28/2008,23:00,72.0000,72.5000,72.0000,72.0000,5295,0
06/04/2008,23:00,70.3500,70.3500,70.3500,70.3500,102,0
07/01/2008,23:00,61.3000,61.3000,61.3000,61.3000,100,0
07/15/2008,23:00,55.5753,55.5753,55.5753,55.5753,106,0
07/16/2008,23:00,56.6000,56.6000,56.6000,56.6000,500,0
07/21/2008,23:00,61.1000,61.1000,61.0000,61.1000,890,0
07/23/2008,23:00,61.2807,61.2807,61.2807,61.2807,425,0
07/31/2008,23:00,61.5000,61.5000,61.3000,61.5000,543,0
08/01/2008,23:00,60.5000,60.5000,60.5000,60.5000,460,0
08/19/2008,23:00,58.2000,58.2000,58.2000,58.2000,2600,0
08/21/2008,23:00,58.0000,58.0000,58.0000,58.0000,190,0
08/27/2008,23:00,56.6500,56.6500,56.6500,56.6500,180,0
09/03/2008,23:00,57.8000,57.8000,57.8000,57.8000,380,0
09/18/2008,23:00,53.4000,53.4000,53.4000,53.4000,110,0
09/19/2008,23:00,55.3014,55.3014,55.3014,55.3014,274,0
09/23/2008,23:00,56.7500,56.7500,56.7500,56.7500,100,0
09/26/2008,23:00,55.5000,55.8500,55.5000,55.5000,310,0
09/30/2008,23:00,53.0000,53.3000,52.5000,53.0000,600,0
10/01/2008,23:00,51.6500,51.8500,51.6500,51.6500,1330,0
10/03/2008,23:00,51.5000,51.5000,51.4000,51.5000,235,0
10/10/2008,23:00,42.9000,43.1000,40.2500,42.9000,820,0
10/13/2008,23:00,46.2500,46.2500,46.2500,46.2500,650,0
10/15/2008,23:00,42.1000,42.1000,42.1000,42.1000,120,0
10/20/2008,23:00,42.0000,42.0000,42.0000,42.0000,370,0
10/22/2008,23:00,37.3240,37.3240,37.3240,37.3240,1000,0
10/27/2008,23:00,31.5000,32.5000,31.5000,32.0000,2720,0
10/28/2008,23:00,30.0000,30.0000,30.0000,30.0000,100,0
10/29/2008,23:00,34.5156,34.5156,34.5156,34.5156,1100,0
11/10/2008,23:00,34.2000,34.2000,34.2000,34.2000,170,0
11/11/2008,23:00,32.7500,32.7500,32.5000,32.5000,1040,0
11/13/2008,23:00,33.0000,33.0000,33.0000,33.0000,270,0
11/14/2008,23:00,31.3500,31.3500,31.3500,31.3500,500,0
11/18/2008,23:00,29.7500,29.7500,29.7500,29.7500,480,0
11/20/2008,23:00,28.0000,28.0000,28.0000,28.0000,150,0
12/02/2008,23:00,30.5000,30.5000,30.5000,30.5000,100,0
12/12/2008,23:00,35.9974,35.9974,35.9974,35.9974,500,0
12/15/2008,23:00,36.1000,36.1000,36.1000,36.1000,146,0
12/18/2008,23:00,38.0243,38.0243,38.0243,38.0243,1000,0
12/22/2008,23:00,37.0300,37.0300,37.0100,37.0100,131000,0
12/23/2008,23:00,36.2500,36.2500,36.2500,36.2500,175,0
12/26/2008,23:00,36.2500,36.2500,36.2500,36.2500,190,0
12/31/2008,23:00,38.2500,38.2500,38.2500,38.2500,400,0
01/23/2009,23:00,33.2500,33.2500,33.2500,33.2500,800,0
01/27/2009,23:00,36.0000,36.0000,36.0000,36.0000,1608,0
01/30/2009,23:00,34.6000,34.6000,34.6000,34.6000,159,0
02/10/2009,23:00,36.2500,36.2500,36.2500,36.2500,100,0
02/13/2009,23:00,34.7500,34.7500,34.7500,34.7500,180,0
02/17/2009,23:00,32.8500,32.8500,32.8500,32.8500,220,0
02/23/2009,23:00,31.0000,31.0000,31.0000,31.0000,500,0
02/24/2009,23:00,30.9000,30.9000,30.9000,30.9000,150,0
02/26/2009,23:00,31.0000,31.0000,31.0000,31.0000,100,0
02/27/2009,23:00,27.7500,27.7500,27.7500,27.7500,102,0
03/02/2009,23:00,28.2500,28.2500,28.2500,28.2500,150,0
03/04/2009,23:00,28.9000,28.9000,28.9000,28.9000,290,0
03/05/2009,23:00,28.0000,28.0000,28.0000,28.0000,1400,0
03/06/2009,23:00,28.3000,28.3000,28.3000,28.3000,130,0
03/11/2009,23:00,32.0000,32.0000,32.0000,32.0000,120,0
03/13/2009,23:00,31.8576,31.8576,31.8576,31.8576,675,0
03/20/2009,23:00,32.6500,32.6500,32.6500,32.6500,125,0
03/25/2009,23:00,35.3500,35.3500,35.3500,35.3500,500,0
04/06/2009,23:00,35.6000,35.6000,35.6000,35.6000,220,0
04/07/2009,23:00,34.9000,34.9000,34.9000,34.9000,210,0
04/08/2009,23:00,34.3000,34.3000,34.3000,34.3000,190,0
04/28/2009,23:00,37.8000,37.8000,37.8000,37.8000,200,0
05/04/2009,23:00,38.3500,38.3500,38.3500,38.3500,460,0
05/05/2009,23:00,34.8000,34.8000,34.8000,34.8000,120,0
05/07/2009,23:00,34.2500,34.2500,33.7500,33.7500,600,0
05/11/2009,23:00,34.1000,34.1000,34.1000,34.1000,300,0
05/12/2009,23:00,35.7000,35.7000,35.7000,35.7000,100,0
05/22/2009,23:00,36.8270,36.8270,36.8270,36.8270,1500,0
05/28/2009,23:00,36.4000,36.4000,36.4000,36.4000,150,0
06/04/2009,23:00,36.5000,36.7000,36.5000,36.7000,400,0
06/09/2009,23:00,36.0368,36.0368,36.0368,36.0368,15973,0
06/24/2009,23:00,38.7053,38.7053,38.7053,38.7053,160,0
06/25/2009,23:00,38.0500,38.1500,38.0500,38.1500,660,0
06/26/2009,23:00,38.2500,38.2500,38.2500,38.2500,200,0
06/29/2009,23:00,38.3000,38.3000,38.3000,38.3000,200,0
07/14/2009,23:00,36.5429,36.5429,36.5429,36.5429,42500,0
07/21/2009,23:00,39.2500,39.2500,39.2500,39.2500,116,0
07/23/2009,23:00,40.6000,40.6000,40.6000,40.6000,100,0
07/27/2009,23:00,40.9500,40.9500,40.9500,40.9500,116,0
07/31/2009,23:00,41.9000,42.5000,41.9000,42.5000,220,0
08/07/2009,23:00,47.4000,47.4000,47.4000,47.4000,120,0
08/10/2009,23:00,47.5000,47.5000,47.5000,47.5000,100,0
08/11/2009,23:00,45.5000,45.5000,45.5000,45.5000,5400,0
08/13/2009,23:00,45.1000,45.1000,45.1000,45.1000,200,0
08/17/2009,23:00,44.8500,44.8500,44.8500,44.8500,1000,0
08/24/2009,23:00,46.6000,46.6000,46.6000,46.6000,1000,0
08/25/2009,23:00,47.0000,47.0000,47.0000,47.0000,500,0
09/10/2009,23:00,48.5000,48.5000,48.5000,48.5000,140,0
09/15/2009,23:00,49.8000,49.8000,49.8000,49.8000,160,0
09/16/2009,23:00,53.5000,53.5000,53.5000,53.5000,340,0
09/18/2009,23:00,53.3500,54.0000,53.3500,53.7500,890,0
09/25/2009,23:00,53.0038,53.0038,53.0038,53.0038,5000,0
09/30/2009,23:00,52.3000,52.3000,52.3000,52.3000,550,0
10/02/2009,23:00,51.4500,51.4500,51.4500,51.4500,310,0
10/05/2009,23:00,53.0000,53.0000,51.8000,51.8000,980,0
10/12/2009,23:00,51.2500,51.2500,51.2500,51.2500,150,0
10/21/2009,23:00,53.0000,53.0000,53.0000,53.0000,180,0
10/26/2009,23:00,51.5334,51.5334,50.3000,50.3000,1180,0
10/28/2009,23:00,48.9000,48.9000,48.9000,48.9000,200,0
11/04/2009,23:00,50.0500,50.0500,50.0500,50.0500,136,0
11/16/2009,23:00,54.7000,54.7000,54.7000,54.7000,170,0
11/17/2009,23:00,54.0000,54.0000,54.0000,54.0000,200,0
11/20/2009,23:00,52.2500,52.2500,52.2500,52.2500,570,0
11/24/2009,23:00,55.0000,55.0000,54.6000,54.6000,3310,0
11/25/2009,23:00,57.5000,57.5000,57.5000,57.5000,480,0
12/01/2009,23:00,57.8500,57.8500,57.8500,57.8500,135,0
12/03/2009,23:00,55.4000,55.4000,55.4000,55.4000,180,0
12/04/2009,23:00,56.2500,56.2500,55.2500,55.2500,200,0
12/15/2009,23:00,55.1500,55.1500,55.1500,55.1500,860,0
12/18/2009,23:00,54.5000,55.2000,54.5000,55.2000,730,0
01/06/2010,23:00,56.9000,56.9000,56.9000,56.9000,110,0
01/07/2010,23:00,56.5000,56.5000,56.5000,56.5000,100,0
01/11/2010,23:00,57.8500,57.8500,57.8500,57.8500,200,0
01/12/2010,23:00,56.4000,56.4000,56.4000,56.4000,150,0
01/13/2010,23:00,54.9188,55.4000,54.9188,55.4000,390,0
01/25/2010,23:00,52.6500,52.6500,52.4000,52.4000,300,0
01/27/2010,23:00,52.4000,52.4000,52.4000,52.4000,160,0
02/01/2010,23:00,51.7500,51.7500,51.7500,51.7500,370,0
02/04/2010,23:00,48.6000,48.6000,48.6000,48.6000,100,0
02/08/2010,23:00,47.5000,48.2500,47.5000,48.2500,1320,0
02/11/2010,23:00,50.0000,50.0000,50.0000,50.0000,330,0
02/18/2010,23:00,50.5500,50.5500,50.5500,50.5500,200,0
02/22/2010,23:00,50.6341,50.6341,50.6341,50.6341,56950,0
02/23/2010,23:00,49.0000,49.4500,49.0000,49.2500,2156,0
02/24/2010,23:00,49.0000,49.5000,48.8500,48.8500,4968,0
02/25/2010,23:00,48.9681,48.9681,48.9681,48.9681,630,0
03/02/2010,23:00,51.7500,51.7500,51.7500,51.7500,120,0
03/04/2010,23:00,49.1454,49.1454,49.1454,49.1454,1000,0
03/08/2010,23:00,50.3500,50.3500,50.3500,50.3500,110,0
03/12/2010,23:00,52.8500,52.8500,52.7800,52.7800,470,0
03/15/2010,23:00,51.5228,51.5228,51.5228,51.5228,2779,0
03/17/2010,23:00,51.1906,51.1906,51.1906,51.1906,180,0
03/18/2010,23:00,52.8500,52.8500,52.8500,52.8500,120,0
03/22/2010,23:00,52.5000,52.5000,52.5000,52.5000,125,0
03/26/2010,23:00,53.8882,53.8882,53.8882,53.8882,100,0
04/30/2010,23:00,58.3000,58.3000,58.3000,58.3000,190,0
05/04/2010,23:00,56.5000,56.5000,56.5000,56.5000,140,0
05/05/2010,23:00,55.2500,55.2500,55.2500,55.2500,143,0
05/07/2010,23:00,53.0000,53.0000,53.0000,53.0000,100,0
05/10/2010,23:00,53.5000,53.5000,53.5000,53.5000,100,0
05/17/2010,23:00,51.0000,51.0000,51.0000,51.0000,990,0
05/19/2010,23:00,50.2500,50.2500,50.2500,50.2500,1150,0
05/25/2010,23:00,47.0000,47.3500,47.0000,47.3500,550,0
05/26/2010,23:00,48.3500,48.3500,48.3500,48.3500,460,0
05/28/2010,23:00,51.2500,51.2500,50.0000,50.0000,460,0
06/07/2010,23:00,49.5000,49.5000,49.5000,49.5000,110,0
06/10/2010,23:00,53.4500,53.4500,52.4500,52.4500,300,0
06/11/2010,23:00,52.0000,52.0000,52.0000,52.0000,315,0
06/14/2010,23:00,52.6000,53.0000,52.6000,53.0000,335,0
06/15/2010,23:00,53.0000,53.0000,53.0000,53.0000,375,0
06/28/2010,23:00,50.2500,50.2500,50.2500,50.2500,100,0
07/06/2010,23:00,46.6500,46.6500,46.6500,46.6500,200,0
07/13/2010,23:00,52.1500,52.1500,52.1500,52.1500,200,0
07/15/2010,23:00,51.5000,51.5000,51.5000,51.5000,110,0
07/21/2010,23:00,51.8500,51.8500,51.8500,51.8500,100,0
07/22/2010,23:00,54.3500,54.3500,54.3500,54.3500,400,0
07/26/2010,23:00,54.2500,54.2500,54.2500,54.2500,250,0
07/27/2010,23:00,54.5860,54.5860,54.5860,54.5860,3800,0
07/30/2010,23:00,54.0500,54.0500,54.0500,54.0500,400,0
08/04/2010,23:00,55.6500,55.6500,55.6500,55.6500,400,0
08/09/2010,23:00,56.1000,56.1000,56.1000,56.1000,200,0
08/10/2010,23:00,56.2500,56.2500,56.2500,56.2500,250,0
08/16/2010,23:00,56.2000,56.2000,56.2000,56.2000,200,0
08/17/2010,23:00,56.2000,56.2000,56.2000,56.2000,100,0
08/19/2010,23:00,54.5000,54.5000,54.5000,54.5000,300,0
08/20/2010,23:00,52.2500,52.2500,52.2500,52.2500,350,0
08/24/2010,23:00,51.0000,51.0000,51.0000,51.0000,200,0
08/25/2010,23:00,51.5000,51.5000,51.5000,51.5000,130,0
08/30/2010,23:00,50.3000,50.3000,50.3000,50.3000,400,0
08/31/2010,23:00,50.6500,50.6500,50.6500,50.6500,210,0
09/10/2010,23:00,54.1000,54.1000,54.1000,54.1000,125,0
09/15/2010,23:00,56.3000,56.3000,56.3000,56.3000,170,0
09/16/2010,23:00,56.8500,56.8500,56.8500,56.8500,100,0
09/21/2010,23:00,57.4000,57.4000,57.4000,57.4000,180,0
09/22/2010,23:00,58.8000,58.8000,58.8000,58.8000,340,0
09/28/2010,23:00,62.0000,63.1000,62.0000,63.1000,400,0
09/29/2010,23:00,62.6000,62.6000,62.4000,62.4000,875,0
10/05/2010,23:00,63.0500,63.0500,62.8000,62.8000,200,0
10/13/2010,23:00,64.8500,64.8500,64.8500,64.8500,100,0
10/18/2010,23:00,64.6000,64.6000,64.6000,64.6000,100,0
11/01/2010,23:00,65.1000,65.1400,65.1000,65.1400,400,0
11/03/2010,23:00,67.7000,67.7000,67.5000,67.5000,780,0
11/05/2010,23:00,64.7600,64.7600,64.7600,64.7600,200,0
11/08/2010,23:00,65.5800,65.8000,65.5800,65.8000,31019,0
11/09/2010,23:00,66.3324,66.3324,66.3324,66.3324,1260,0
11/10/2010,23:00,67.5500,67.5500,67.5500,67.5500,115,0
11/12/2010,23:00,66.8500,66.8500,66.8500,66.8500,200,0
11/15/2010,23:00,66.4000,66.4700,66.4000,66.4000,600,0
11/16/2010,23:00,65.5000,65.5000,64.0000,64.0000,215,0
11/17/2010,23:00,64.2500,64.2500,63.7000,63.7500,350,0
11/18/2010,23:00,64.9000,64.9000,64.8100,64.8100,320,0
11/29/2010,23:00,63.0000,63.7000,63.0000,63.7000,1720,0
11/30/2010,23:00,62.9000,63.0500,62.9000,63.0500,340,0
12/01/2010,23:00,65.0000,65.7900,65.0000,65.7900,240,0
12/03/2010,23:00,65.9500,66.0800,65.9500,66.0800,350,0
12/06/2010,23:00,64.7500,64.7500,64.7500,64.7500,200,0
12/07/2010,23:00,66.3000,66.3000,66.3000,66.3000,200,0
12/08/2010,23:00,65.5000,66.0500,65.5000,66.0500,710,0
12/09/2010,23:00,67.2823,67.2823,67.2823,67.2823,19950,0
12/13/2010,23:00,67.9000,67.9000,67.9000,67.9000,850,0
12/14/2010,23:00,67.7000,67.7000,67.7000,67.7000,450,0
12/15/2010,23:00,66.9500,66.9500,66.9500,66.9500,370,0
12/17/2010,23:00,66.7500,66.7500,66.7500,66.7500,870,0
12/20/2010,23:00,67.8000,67.8000,67.8000,67.8000,200,0
12/21/2010,23:00,67.1500,67.1500,67.1500,67.1500,1035,0
12/29/2010,23:00,65.5000,65.5000,65.5000,65.5000,350,0
12/30/2010,23:00,65.4500,65.4500,65.3500,65.3500,900,0
01/04/2011,23:00,64.6000,64.7500,64.6000,64.7500,880,0
01/05/2011,23:00,62.0500,62.0500,61.8000,61.8500,600,0
01/06/2011,23:00,61.9000,61.9000,61.8500,61.8500,300,0
01/07/2011,23:00,61.6500,61.6500,61.6500,61.6500,140,0
01/10/2011,23:00,61.0000,61.0000,61.0000,61.0000,620,0
01/12/2011,23:00,64.0500,64.0500,64.0500,64.0500,130,0
01/14/2011,23:00,63.1500,63.1500,63.1500,63.1500,200,0
01/20/2011,23:00,60.8000,61.1000,60.8000,61.0000,900,0
01/24/2011,23:00,61.3500,61.6500,61.3500,61.6500,620,0
01/27/2011,23:00,63.1500,63.1500,63.1500,63.1500,250,0
02/01/2011,23:00,63.3000,63.3000,63.3000,63.3000,300,0
02/02/2011,23:00,63.6000,63.8000,63.6000,63.8000,879,0
02/03/2011,23:00,62.7800,62.7800,62.7800,62.7800,200,0
02/10/2011,23:00,64.0500,64.0500,64.0500,64.0500,130,0
02/14/2011,23:00,66.3500,66.3500,66.3500,66.3500,350,0
02/18/2011,23:00,65.4000,65.4000,65.4000,65.4000,350,0
02/23/2011,23:00,63.9500,63.9500,63.9500,63.9500,200,0
02/28/2011,23:00,64.0400,64.0400,64.0400,64.0400,11758,0
03/01/2011,23:00,64.1500,64.1500,64.1500,64.1500,200,0
03/07/2011,23:00,66.4400,66.4400,66.4400,66.4400,45000,0
03/11/2011,23:00,64.3800,64.3800,64.3800,64.3800,600,0
03/16/2011,23:00,61.0500,61.0500,60.4000,60.4000,1040,0
03/17/2011,23:00,61.7500,61.7500,61.7000,61.7000,735,0
03/21/2011,23:00,62.5000,62.5000,62.5000,62.5000,360,0
03/24/2011,23:00,63.5000,63.5000,63.5000,63.5000,290,0
03/25/2011,23:00,63.3500,63.3500,63.2500,63.2500,410,0
04/01/2011,23:00,63.5000,63.5000,63.5000,63.5000,500,0
04/05/2011,23:00,64.5500,64.5500,64.5500,64.5500,1610,0
04/14/2011,23:00,66.7800,67.4000,66.7800,67.4000,520,0
04/18/2011,23:00,66.3000,66.3000,66.3000,66.3000,467,0
04/19/2011,23:00,67.7300,67.7300,67.7300,67.7300,600,0
04/27/2011,23:00,72.1000,72.1000,72.1000,72.1000,310,0
05/02/2011,23:00,74.3000,74.3000,73.9500,73.9500,15240,0
05/03/2011,23:00,74.4200,74.4200,74.4200,74.4200,200,0
05/06/2011,23:00,76.8000,76.8000,76.8000,76.8000,655,0
05/09/2011,23:00,75.4600,76.6000,75.4600,76.6000,760,0
05/10/2011,23:00,75.8000,76.7200,75.8000,76.7200,400,0
05/11/2011,23:00,75.6000,75.6000,73.6000,73.6000,900,0
05/12/2011,23:00,75.4700,75.4700,75.4700,75.4700,4065200,0
05/23/2011,23:00,71.0500,71.7900,71.0500,71.7900,200,0
05/24/2011,23:00,72.6500,72.6500,72.6500,72.6500,474,0
05/26/2011,23:00,71.8500,71.8500,71.6500,71.6500,880,0
05/27/2011,23:00,73.5000,73.5000,73.5000,73.5000,100,0
06/01/2011,23:00,75.0600,75.0600,75.0500,75.0500,400,0
06/02/2011,23:00,74.0500,74.0500,74.0500,74.0500,110,0
06/08/2011,23:00,71.0000,71.0000,71.0000,71.0000,1400,0
06/09/2011,23:00,71.8100,71.8100,71.8100,71.8100,100,0
06/15/2011,23:00,72.0500,72.0500,72.0500,72.0500,409,0
06/21/2011,23:00,74.8000,74.8000,74.8000,74.8000,1400,0
06/23/2011,23:00,72.7500,72.7500,72.7500,72.7500,100,0
06/24/2011,23:00,73.4200,73.4200,73.4200,73.4200,400,0
06/27/2011,23:00,74.1800,74.1800,74.1800,74.1800,300,0
06/28/2011,23:00,76.5600,76.8900,76.5600,76.8900,608,0
06/29/2011,23:00,78.9500,78.9500,78.9000,78.9000,550,0
07/01/2011,23:00,79.8300,79.8300,79.8300,79.8300,115,0
07/05/2011,23:00,80.8500,80.8500,80.8500,80.8500,600,0
07/12/2011,23:00,76.2500,76.2500,76.2500,76.2500,240,0
07/13/2011,23:00,79.7500,79.7500,79.7500,79.7500,420,0
07/14/2011,23:00,78.8500,78.8500,78.8500,78.8500,200,0
07/15/2011,23:00,81.1400,81.1400,81.1400,81.1400,200,0
07/21/2011,23:00,76.2000,76.2000,76.2000,76.2000,275,0
08/04/2011,23:00,68.4300,68.4300,68.4000,68.4000,400,0
08/08/2011,23:00,64.4000,64.4000,64.4000,64.4000,200,0
08/11/2011,23:00,68.6000,68.6000,68.5500,68.5500,350,0
08/17/2011,23:00,69.1500,69.1500,68.9500,68.9500,400,0
08/18/2011,23:00,64.8300,64.8300,64.8300,64.8300,100,0
08/19/2011,23:00,63.6700,63.6700,63.6700,63.6700,47019,0
08/31/2011,23:00,70.3500,70.3500,69.4500,69.4500,700,0
09/02/2011,23:00,66.2000,66.2000,66.1000,66.1000,200,0
09/06/2011,23:00,62.5000,62.5000,62.3000,62.5000,21000,0
09/08/2011,23:00,64.7400,65.6500,64.7400,65.4500,880,0
09/13/2011,23:00,64.0400,65.1000,64.0400,65.1000,400,0
09/15/2011,23:00,67.8000,68.3500,67.8000,68.2000,553,0
09/16/2011,23:00,67.4500,67.4500,67.4500,67.4500,510,0
09/20/2011,23:00,67.6200,67.6200,67.6200,67.6200,100,0
09/23/2011,23:00,64.3000,64.4500,64.3000,64.4500,710,0
09/27/2011,23:00,66.4300,66.4300,66.4300,66.4300,200,0
09/30/2011,23:00,60.4400,60.9200,60.4400,60.9200,310,0
10/07/2011,23:00,63.8200,63.8200,63.8200,63.8200,200,0
10/10/2011,23:00,66.7100,66.7100,66.7100,66.7100,200,0
10/11/2011,23:00,66.6000,66.6000,66.6000,66.6000,5970,0
10/12/2011,23:00,69.5200,69.5200,68.9500,69.1200,1130,0
10/13/2011,23:00,69.0100,69.0100,69.0100,69.0100,150,0
10/18/2011,23:00,67.1900,67.1900,67.1900,67.1900,200,0
10/27/2011,23:00,73.4500,73.4500,73.4500,73.4500,400,0
10/31/2011,23:00,72.0100,72.0100,71.9810,72.0100,889,0
11/03/2011,23:00,71.6600,71.6600,71.6600,71.6600,200,0
11/14/2011,23:00,71.6100,71.6100,71.6100,71.6100,870,0
11/21/2011,23:00,65.6400,65.6400,65.6400,65.6400,200,0
11/23/2011,23:00,65.1000,65.1000,65.1000,65.1000,310,0
11/28/2011,23:00,66.3000,66.3000,65.9200,65.9200,490,0
12/02/2011,23:00,69.7400,69.7400,69.3900,69.3900,410,0
12/05/2011,23:00,67.3500,67.3500,67.3500,67.3500,101,0
12/09/2011,23:00,66.8000,66.8000,66.8000,66.8000,26000,0
12/12/2011,23:00,63.3700,63.3700,63.3700,63.3700,100,0
12/13/2011,23:00,63.6000,63.6000,63.6000,63.6000,200,0
12/22/2011,23:00,65.5900,65.5900,65.5900,65.5900,300,0
12/23/2011,23:00,65.8900,65.8900,65.8900,65.8900,300,0
12/27/2011,23:00,65.1500,65.1500,65.1500,65.1500,100,0
12/28/2011,23:00,64.9716,64.9716,64.9000,64.9000,2310,0
01/06/2012,23:00,65.2300,65.2300,65.2300,65.2300,300,0
01/10/2012,23:00,68.3900,68.7300,68.3900,68.7300,305,0
01/18/2012,23:00,71.9300,71.9300,71.9300,71.9300,100,0
01/25/2012,23:00,71.3100,71.3100,71.3100,71.3100,150,0
01/26/2012,23:00,74.4500,74.6500,74.4500,74.6500,330,0
01/31/2012,23:00,72.2100,72.4000,72.2100,72.4000,400,0
02/02/2012,23:00,74.5200,74.5200,74.5200,74.5200,100,0
02/06/2012,23:00,75.7100,75.7100,75.7100,75.7100,200,0
02/08/2012,23:00,75.2000,75.4300,75.2000,75.4300,660,0
02/16/2012,23:00,77.4000,78.2000,77.4000,78.2000,900,0
02/17/2012,23:00,78.8800,78.8800,78.8800,78.8800,16015,0
02/21/2012,23:00,78.6000,78.6000,78.6000,78.6000,120,0
02/24/2012,23:00,78.8000,78.8500,78.7000,78.7000,954,0
02/27/2012,23:00,77.0000,78.3000,77.0000,78.3000,200,0
03/01/2012,23:00,79.6100,79.6100,79.6100,79.6100,150,0
03/05/2012,23:00,78.2500,78.9500,78.2500,78.9500,522,0
03/07/2012,23:00,73.8800,73.8800,73.8800,73.8800,200,0
03/14/2012,23:00,78.4500,78.4500,78.1000,78.1000,404,0
03/19/2012,23:00,77.8700,77.8700,77.8700,77.8700,1320,0
03/26/2012,23:00,78.1500,78.1500,78.1500,78.1500,200,0
03/29/2012,23:00,77.0000,77.0000,76.3000,76.3000,400,0
04/02/2012,23:00,80.0330,81.2100,80.0330,81.2100,1526,0
04/10/2012,23:00,75.6000,75.6000,75.6000,75.6000,28700,0
04/11/2012,23:00,76.8900,76.8900,76.8900,76.8900,1950,0
04/12/2012,23:00,78.6675,78.6675,78.6675,78.6675,380,0
04/16/2012,23:00,78.1400,78.4000,78.1400,78.4000,3050,0
04/17/2012,23:00,79.0000,79.0000,79.0000,79.0000,75150,0
04/20/2012,23:00,78.0100,78.0100,78.0100,78.0100,300,0
04/23/2012,23:00,74.4000,74.4000,74.4000,74.4000,100,0
04/30/2012,23:00,82.8500,83.8000,82.8500,83.1700,3430,0
05/02/2012,23:00,83.1280,83.1280,83.1280,83.1280,310,0
05/07/2012,23:00,81.8000,81.8000,81.8000,81.8000,624,0
05/08/2012,23:00,79.4500,79.4500,79.4000,79.4000,1400,0
05/09/2012,23:00,78.3000,79.4000,78.3000,79.4000,600,0
05/10/2012,23:00,79.1000,79.4200,79.1000,79.4200,400,0
05/18/2012,23:00,74.9025,74.9025,74.9025,74.9025,280,0
05/21/2012,23:00,76.6000,77.3300,76.6000,77.3300,300,0
05/23/2012,23:00,75.0000,75.0000,75.0000,75.0000,200,0
06/01/2012,23:00,71.1000,71.1000,71.1000,71.1000,100,0
06/07/2012,23:00,74.8300,74.8300,74.8300,74.8300,400,0
06/13/2012,23:00,72.4000,72.4000,72.4000,72.4000,15260,0
06/14/2012,23:00,71.5500,71.5500,71.5500,71.5500,220,0
06/22/2012,23:00,71.8500,71.8500,71.8000,71.8000,1400,0
06/26/2012,23:00,69.7000,69.9100,69.7000,69.7600,3340,0
07/09/2012,23:00,70.9700,70.9700,70.9700,70.9700,195,0
07/20/2012,23:00,72.5500,72.5500,72.5500,72.5500,120,0
07/23/2012,23:00,70.4400,70.4400,70.4400,70.4400,120,0
07/24/2012,23:00,70.7500,70.7500,70.7500,70.7500,410,0
08/06/2012,23:00,76.9500,76.9500,76.9500,76.9500,100,0
08/07/2012,23:00,75.9000,75.9000,75.9000,75.9000,2200,0
08/08/2012,23:00,75.8000,75.8000,75.7300,75.7300,360,0
08/14/2012,23:00,76.4800,76.4800,76.4800,76.4800,275,0
08/16/2012,23:00,76.7500,77.4400,76.7500,77.4300,380,0
08/17/2012,23:00,77.8000,77.8000,77.8000,77.8000,120,0
08/23/2012,23:00,77.4800,77.4800,77.3500,77.3500,600,0
08/24/2012,23:00,77.6800,77.6800,77.5000,77.5000,1180,0
09/13/2012,23:00,82.3300,82.3300,82.3300,82.3300,200,0
09/20/2012,23:00,84.3000,84.3000,84.3000,84.3000,103,0
09/24/2012,23:00,83.5000,83.5000,83.5000,83.5000,200,0
10/02/2012,23:00,83.5500,83.5500,83.5500,83.5500,200,0
10/04/2012,23:00,84.8300,84.8300,84.8300,84.8300,200,0
10/05/2012,23:00,87.1200,87.1200,87.1200,87.1200,282,0
10/17/2012,23:00,89.1100,89.1100,89.1100,89.1100,400,0
10/18/2012,23:00,88.7053,88.7053,88.4637,88.7053,2035,0
10/19/2012,23:00,86.8000,86.8000,86.8000,86.8000,410,0
10/23/2012,23:00,83.4800,83.4800,83.4800,83.4800,150,0
10/26/2012,23:00,83.7000,83.7000,83.7000,83.7000,200,0
11/12/2012,23:00,81.9000,81.9000,81.9000,81.9000,210,0
11/14/2012,23:00,81.1000,81.1000,80.8300,80.8300,500,0
11/16/2012,23:00,80.0700,80.0700,80.0700,80.0700,1130,0
11/20/2012,23:00,83.4500,83.4500,83.4500,83.4500,130,0
11/21/2012,23:00,83.2000,83.2000,82.9100,82.9100,770,0
12/04/2012,23:00,87.7000,87.7000,87.7000,87.7000,1390,0
12/10/2012,23:00,87.8500,87.8500,87.8500,87.8500,100,0
12/11/2012,23:00,88.3685,88.3685,88.3685,88.3685,100,0
12/12/2012,23:00,90.0300,90.3100,90.0000,90.0000,600,0
12/19/2012,23:00,89.5000,89.7500,89.4200,89.4200,3200,0
12/21/2012,23:00,88.4500,88.4500,88.4500,88.4500,100,0
12/27/2012,23:00,89.1500,89.1500,89.1500,89.1500,200,0
12/31/2012,23:00,88.7610,88.7610,88.7610,88.7610,260,0
01/03/2013,23:00,88.0000,88.0000,88.0000,88.0000,220,0
01/04/2013,23:00,86.7010,86.7010,86.7010,86.7010,200,0
01/11/2013,23:00,89.7400,89.7400,89.7400,89.7400,100,0
01/14/2013,23:00,91.1500,91.1500,91.1500,91.1500,100,0
01/16/2013,23:00,93.2000,93.3100,93.2000,93.3100,270,0
01/22/2013,23:00,93.0000,93.0000,92.9500,92.9500,270,0
01/24/2013,23:00,93.2500,93.2500,93.0000,93.0000,300,0
02/01/2013,23:00,95.6850,95.6850,95.6850,95.6850,100,0
02/06/2013,23:00,91.1500,91.1500,91.1500,91.1500,100,0
02/15/2013,23:00,93.7200,93.7200,93.7200,93.7200,370,0
02/20/2013,23:00,96.1351,96.1351,96.1351,96.1351,1385,0
02/21/2013,23:00,93.5000,93.5000,93.5000,93.5000,370,0
02/25/2013,23:00,93.0500,93.0500,91.1000,91.1000,1200,0
02/26/2013,23:00,90.8000,90.8000,90.8000,90.8000,100,0
03/04/2013,23:00,91.8300,91.8300,91.8300,91.8300,100,0
03/05/2013,23:00,93.4500,93.4500,93.4500,93.4500,117,0
03/07/2013,23:00,98.8600,100.2500,98.8600,99.9200,2350,0
03/08/2013,23:00,98.0500,99.4400,98.0500,99.4400,860,0
03/11/2013,23:00,100.4000,100.4000,100.4000,100.4000,100,0
03/18/2013,23:00,103.4500,103.8500,103.4000,103.6050,6260,0
03/22/2013,23:00,103.7000,103.7000,103.7000,103.7000,380,0
03/25/2013,23:00,105.0100,105.0100,105.0100,105.0100,100,0
03/27/2013,23:00,103.6000,103.6000,103.6000,103.6000,200,0
04/01/2013,23:00,103.5000,103.5000,103.5000,103.5000,110,0
04/11/2013,23:00,103.8000,103.8000,103.8000,103.8000,100,0
04/17/2013,23:00,99.3500,99.4800,99.3500,99.4800,400,0
04/23/2013,23:00,102.3500,102.3500,102.3500,102.3500,240,0
04/25/2013,23:00,102.8500,102.8500,102.8500,102.8500,200,0
04/29/2013,23:00,103.8200,103.9000,103.8200,103.9000,200,0
05/03/2013,23:00,111.0100,111.0100,111.0100,111.0100,100,0
05/07/2013,23:00,110.7500,110.7500,110.7500,110.7500,100,0
05/08/2013,23:00,111.2500,111.2500,111.2000,111.2000,310,0
05/09/2013,23:00,109.2700,109.2700,109.2700,109.2700,100,0
05/10/2013,23:00,107.3500,107.3500,107.3500,107.3500,200,0
05/13/2013,23:00,107.5000,107.5000,107.5000,107.5000,150,0
05/17/2013,23:00,110.2500,110.2500,110.2500,110.2500,100,0
05/22/2013,23:00,112.9000,112.9000,112.7500,112.7500,280,0
05/28/2013,23:00,111.7500,111.7500,111.7500,111.7500,100,0
05/29/2013,23:00,110.0000,110.0000,110.0000,110.0000,100,0
06/03/2013,23:00,108.3200,108.3200,108.3200,108.3200,400,0
06/04/2013,23:00,108.8700,108.8700,108.8700,108.8700,390,0
06/06/2013,23:00,107.8661,107.8661,107.8661,107.8661,2500,0
06/10/2013,23:00,108.5500,108.5500,108.5500,108.5500,150,0
06/12/2013,23:00,107.0100,107.4500,106.9000,107.4500,300,0
06/13/2013,23:00,108.8000,108.8000,108.8000,108.8000,200,0
06/19/2013,23:00,110.7500,110.7500,110.2500,110.2500,400,0
06/20/2013,23:00,105.0000,105.0000,105.0000,105.0000,140,0
06/21/2013,23:00,104.2000,104.2000,104.2000,104.2000,140,0
06/24/2013,23:00,101.5800,101.7000,101.5800,101.7000,500,0
06/26/2013,23:00,105.7899,105.7899,105.7899,105.7899,9500,0
07/02/2013,23:00,108.5200,108.5200,108.5200,108.5200,100,0
07/05/2013,23:00,103.9000,103.9000,103.9000,103.9000,865,0
07/11/2013,23:00,111.5247,111.8000,111.5247,111.8000,16848,0
08/02/2013,23:00,114.6000,114.6000,114.6000,114.6000,170,0
08/06/2013,23:00,116.4500,116.4500,116.4500,116.4500,400,0
08/07/2013,23:00,114.7000,114.7000,114.7000,114.7000,100,0
08/22/2013,23:00,113.0800,113.0800,113.0800,113.0800,100,0
08/23/2013,23:00,111.9500,111.9500,111.9500,111.9500,2200,0
08/26/2013,23:00,112.5500,112.7999,112.5500,112.7999,650,0
08/27/2013,23:00,109.7000,109.7000,109.5500,109.5500,500,0
08/29/2013,23:00,106.7000,106.7000,106.7000,106.7000,1090,0
09/03/2013,23:00,106.6400,106.6700,106.6400,106.6700,400,0
09/05/2013,23:00,106.0700,106.0700,106.0700,106.0700,100,0
09/11/2013,23:00,107.8192,107.9700,107.8192,107.9600,757,0
09/16/2013,23:00,105.4194,105.4194,105.4194,105.4194,16639,0
09/19/2013,23:00,111.3100,111.3100,105.0000,105.0000,905,0
09/23/2013,23:00,106.9000,107.4100,106.9000,107.4100,505,0
09/24/2013,23:00,106.9500,106.9500,106.9500,106.9500,270,0
10/04/2013,23:00,109.6500,109.6500,109.6500,109.6500,385,0
10/09/2013,23:00,106.7500,107.0500,106.7000,106.7000,579,0
10/10/2013,23:00,108.9500,108.9500,108.9500,108.9500,131,0
10/11/2013,23:00,111.5000,111.5000,111.5000,111.5000,200,0
10/16/2013,23:00,110.4700,110.6500,110.4700,110.6500,200,0
10/17/2013,23:00,111.6500,111.6500,111.6500,111.6500,152,0
10/22/2013,23:00,117.0800,117.0800,117.0600,117.0600,430,0
10/23/2013,23:00,116.6500,116.9400,116.6500,116.9400,700,0
10/30/2013,23:00,115.2500,115.2500,115.2500,115.2500,100,0
10/31/2013,23:00,114.3000,114.3000,114.3000,114.3000,316,0
11/01/2013,23:00,113.4000,113.4000,113.4000,113.4000,585,0
11/07/2013,23:00,115.7000,115.7000,115.4600,115.4600,1700,0
11/13/2013,23:00,116.3000,116.4500,116.3000,116.4500,300,0
11/15/2013,23:00,118.8000,118.8500,118.8000,118.8500,200,0
11/19/2013,23:00,118.9000,118.9000,118.6800,118.6800,200,0
11/20/2013,23:00,119.8000,119.8000,119.8000,119.8000,152,0
11/22/2013,23:00,120.6700,121.2500,120.6700,121.2500,200,0
11/25/2013,23:00,119.7700,119.7700,119.7700,119.7700,100,0
11/27/2013,23:00,121.5000,121.5500,121.5000,121.5500,500,0
12/02/2013,23:00,121.1500,121.1500,121.1500,121.1500,100,0
12/03/2013,23:00,119.5200,119.5200,119.3000,119.3000,700,0
12/05/2013,23:00,119.6500,119.6500,119.6500,119.6500,500,0
12/06/2013,23:00,120.6800,120.6800,120.6800,120.6800,100,0
12/09/2013,23:00,119.9500,119.9500,119.9500,119.9500,220,0
12/12/2013,23:00,119.0500,119.0500,119.0500,119.0500,300,0
12/13/2013,23:00,118.0100,118.0100,118.0100,118.0100,104,0
12/19/2013,23:00,121.0000,121.0000,121.0000,121.0000,100,0
12/20/2013,23:00,123.3900,123.3900,123.3300,123.3300,480,0
12/23/2013,23:00,124.3600,125.5000,124.3600,125.5000,432,0
12/26/2013,23:00,124.5500,124.5500,124.5500,124.5500,100,0
12/27/2013,23:00,126.2722,126.2722,126.2722,126.2722,9920,0
12/31/2013,23:00,128.1000,128.2500,128.1000,128.2500,640,0
01/02/2014,23:00,125.2760,125.2760,125.1500,125.1500,8743,0
01/08/2014,23:00,123.2500,123.2500,123.2500,123.2500,196,0
01/14/2014,23:00,123.8600,124.2600,123.8600,124.2600,708,0
01/15/2014,23:00,123.6300,123.6300,123.6300,123.6300,199,0
01/16/2014,23:00,122.3200,122.7000,122.3200,122.7000,200,0
01/21/2014,23:00,124.2867,124.2867,124.2867,124.2867,150,0
01/24/2014,23:00,118.8500,118.8500,118.1500,118.1500,261,0
01/28/2014,23:00,117.3600,117.4500,117.3600,117.4500,202,0
01/29/2014,23:00,115.2700,115.2700,115.2300,115.2300,700,0
01/30/2014,23:00,113.2400,113.2400,113.2400,113.2400,115,0
02/03/2014,23:00,109.7000,109.7000,109.7000,109.7000,140,0
02/04/2014,23:00,111.6600,111.9500,111.6600,111.9500,1091,0
02/07/2014,23:00,115.9500,116.0500,115.9500,116.0500,255,0
02/13/2014,23:00,118.3900,118.3900,118.3900,118.3900,102,0
02/18/2014,23:00,118.3000,118.3000,118.1000,118.1000,400,0
02/19/2014,23:00,116.8000,116.8000,116.7500,116.7500,600,0
02/26/2014,23:00,115.3600,115.3600,115.3600,115.3600,102,0
03/05/2014,23:00,111.3400,111.4500,111.3400,111.4000,811,0
03/06/2014,23:00,110.9800,111.3000,110.9800,111.3000,650,0
03/10/2014,23:00,110.5600,110.6400,110.5600,110.6400,19321,0
03/11/2014,23:00,109.1700,109.1700,109.1700,109.1700,100,0
03/13/2014,23:00,108.6700,108.6700,105.6500,105.9300,580,0
03/14/2014,23:00,105.2600,105.2600,105.2600,105.2600,160,0
03/18/2014,23:00,110.2500,110.2500,110.2500,110.2500,401,0
03/19/2014,23:00,108.1900,108.1900,107.9500,107.9500,231,0
03/20/2014,23:00,106.0000,106.0000,106.0000,106.0000,395,0
03/24/2014,23:00,104.2400,104.2400,104.2400,104.2400,208,0
03/25/2014,23:00,106.0000,106.0000,105.4200,105.4200,385,0
03/26/2014,23:00,107.6500,107.9500,107.5500,107.5500,720,0
03/27/2014,23:00,107.9500,107.9500,106.7600,106.7600,701,0
04/07/2014,23:00,105.2500,105.2500,105.2500,105.2500,448,0
04/08/2014,23:00,107.4500,107.4500,107.4500,107.4500,127,0
04/09/2014,23:00,108.6000,108.6000,108.6000,108.6000,100,0
04/10/2014,23:00,108.3500,108.3500,108.3500,108.3500,100,0
04/17/2014,23:00,104.6100,104.7000,104.6100,104.7000,200,0
04/22/2014,23:00,104.7000,104.7000,104.3400,104.3400,1560,0
04/24/2014,23:00,106.0000,106.0600,106.0000,106.0600,3070,0
04/25/2014,23:00,105.5900,105.5900,105.3500,105.3500,300,0
04/30/2014,23:00,106.5100,106.5100,106.5100,106.5100,153,0
05/01/2014,23:00,107.0000,107.3500,106.6700,107.3500,1180,0
05/05/2014,23:00,106.0610,106.1500,106.0610,106.1500,436,0
05/06/2014,23:00,106.8500,106.8500,106.8500,106.8500,125,0
05/07/2014,23:00,106.2500,106.2500,106.2500,106.2500,500,0
05/08/2014,23:00,108.0000,108.1001,108.0000,108.1001,600,0
05/09/2014,23:00,106.1000,106.3000,106.1000,106.3000,240,0
05/13/2014,23:00,108.5500,108.5500,108.4000,108.4000,400,0
05/14/2014,23:00,108.4200,108.4400,108.4200,108.4400,401,0
05/20/2014,23:00,106.2100,106.2100,106.2100,106.2100,195,0
05/21/2014,23:00,106.3900,106.3900,106.3900,106.3900,109,0
05/23/2014,23:00,105.4500,105.4500,105.4500,105.4500,1225,0
05/27/2014,23:00,107.7800,107.7800,107.6800,107.6800,1080,0
06/02/2014,23:00,106.2700,107.1600,106.2700,107.1600,1045,0
06/04/2014,23:00,105.7000,105.7000,105.7000,105.7000,730,0
06/05/2014,23:00,104.8500,104.8500,104.8500,104.8500,415,0
06/10/2014,23:00,106.0500,106.0500,105.7600,105.8400,5210,0
06/18/2014,23:00,105.2000,105.4000,105.2000,105.4000,270,0
06/19/2014,23:00,104.8000,104.8000,104.8000,104.8000,145,0
06/20/2014,23:00,103.3999,103.3999,103.3999,103.3999,506,0
06/23/2014,23:00,102.4300,102.4300,102.4300,102.4300,210,0
06/25/2014,23:00,100.2300,100.5800,100.2300,100.5800,466,0
06/26/2014,23:00,98.7000,98.7000,97.8810,98.6900,550,0
06/27/2014,23:00,100.8700,100.9500,100.8700,100.9500,200,0
07/02/2014,23:00,100.5500,100.5500,100.5500,100.5500,110,0
07/07/2014,23:00,99.8500,100.0000,99.6000,100.0000,1107,0
07/10/2014,23:00,98.0500,98.0500,98.0500,98.0500,435,0
07/11/2014,23:00,97.4500,97.4500,97.4500,97.4500,176,0
07/14/2014,23:00,100.3475,100.5000,100.2000,100.5000,1161,0
07/15/2014,23:00,98.6000,98.6000,98.2500,98.6000,2342,0
07/17/2014,23:00,98.7500,98.7500,98.6000,98.6000,200,0
07/21/2014,23:00,98.0000,98.1600,98.0000,98.1600,6100,0
07/28/2014,23:00,94.2000,94.2000,93.5300,94.1800,1620,0
07/30/2014,23:00,94.3300,94.3300,94.3300,94.3300,275,0
07/31/2014,23:00,79.5100,79.6500,79.1500,79.2700,2129,0
08/01/2014,23:00,78.8500,78.8500,78.3000,78.3000,1190,0
08/04/2014,23:00,77.8500,77.9200,77.3000,77.9200,28022,0
08/05/2014,23:00,77.7750,77.9000,77.4500,77.4500,975,0
08/07/2014,23:00,75.2500,75.2500,73.8000,73.8000,1650,0
08/08/2014,23:00,76.0900,76.3400,75.7360,76.3400,27127,0
08/11/2014,23:00,76.5500,76.9000,76.5500,76.5900,746,0
08/12/2014,23:00,78.3000,78.7000,77.7900,78.2000,870,0
08/13/2014,23:00,77.9750,77.9750,77.9750,77.9750,180,0
08/14/2014,23:00,80.1400,80.1400,80.1400,80.1400,482,0
08/15/2014,23:00,79.0500,79.4500,79.0500,79.1500,5704,0
08/20/2014,23:00,79.7500,80.0000,79.7500,80.0000,865,0
08/21/2014,23:00,79.4000,79.4000,79.2000,79.2000,700,0
08/22/2014,23:00,77.4700,77.4700,77.2252,77.2252,10654,0
08/25/2014,23:00,78.1600,78.1600,78.1600,78.1600,482,0
08/28/2014,23:00,75.9300,75.9300,75.9300,75.9300,130,0
08/29/2014,23:00,74.9500,75.0400,74.5000,75.0400,1030,0
09/02/2014,23:00,75.0500,75.0500,75.0500,75.0500,300,0
09/03/2014,23:00,77.0280,77.0280,77.0280,77.0280,22,0
09/05/2014,23:00,76.6000,76.6200,76.6000,76.6200,473,0
09/08/2014,23:00,75.6500,75.6500,75.3300,75.4200,3720,0
09/09/2014,23:00,74.6500,74.7300,74.6500,74.7300,5545,0
09/10/2014,23:00,74.2000,74.2000,74.1821,74.1821,555,0
09/12/2014,23:00,73.5500,73.9200,73.5500,73.9200,30350,0
09/16/2014,23:00,75.9001,76.4500,75.9001,76.4500,2018,0
09/18/2014,23:00,79.7400,80.2500,79.7400,80.2500,1726,0
09/19/2014,23:00,80.1400,80.1400,80.0300,80.0300,331,0
09/22/2014,23:00,79.0000,79.0000,78.3800,78.5500,23154,0
09/23/2014,23:00,78.2500,78.3000,78.0000,78.0000,58136,0
09/24/2014,23:00,78.9428,78.9828,78.9428,78.9828,105510,0
09/25/2014,23:00,79.0000,79.0000,79.0000,79.0000,730,0
09/26/2014,23:00,77.0199,77.1300,76.4500,77.0000,77700,0
09/29/2014,23:00,75.4900,75.7300,75.4900,75.6000,575,0
09/30/2014,23:00,74.0900,74.0900,74.0900,74.0900,300,0
10/02/2014,23:00,75.4400,75.4400,75.4400,75.4400,141,0
10/03/2014,23:00,73.1000,73.1000,73.1000,73.1000,264,0
10/07/2014,23:00,73.9900,73.9900,73.4200,73.4200,870,0
10/08/2014,23:00,73.3300,74.1000,73.3300,74.1000,1455,0
10/09/2014,23:00,72.9000,72.9000,72.0000,72.0700,725,0
10/10/2014,23:00,70.7999,70.7999,70.0700,70.0700,5396,0
10/14/2014,23:00,69.6700,69.6700,69.6000,69.6000,320,0
10/15/2014,23:00,69.3000,69.3000,68.8100,68.8100,463,0
10/16/2014,23:00,69.5500,69.5500,69.5500,69.5500,5413,0
10/17/2014,23:00,69.2200,69.2200,69.1600,69.1600,3434,0
10/20/2014,23:00,72.3200,73.1500,72.3100,72.6000,4995,0
10/21/2014,23:00,72.9700,74.6000,72.9700,74.1100,2350,0
10/22/2014,23:00,73.4300,73.4300,73.1000,73.1000,210,0
10/23/2014,23:00,73.9700,73.9700,73.9700,73.9700,100,0
10/27/2014,23:00,71.7000,72.9000,71.7000,72.2500,4624,0
10/28/2014,23:00,72.9000,72.9000,72.9000,72.9000,165,0
10/29/2014,23:00,73.1100,73.1100,73.0000,73.0000,200,0
10/30/2014,23:00,71.8100,71.8100,71.4400,71.4400,450,0
11/03/2014,23:00,71.9400,71.9400,71.8700,71.8700,370,0
11/04/2014,23:00,71.4600,71.4600,71.4600,71.4600,117,0
11/06/2014,23:00,73.9500,73.9500,73.0600,73.1300,1928,0
11/07/2014,23:00,73.8000,74.0000,73.5500,73.6000,2800,0
11/11/2014,23:00,74.7500,74.7500,74.5000,74.5000,938,0
11/13/2014,23:00,76.6500,76.6500,76.6000,76.6000,250,0
11/14/2014,23:00,78.1200,79.0600,78.1200,79.0600,257,0
11/17/2014,23:00,78.4200,78.4200,78.1901,78.1901,25,0
11/18/2014,23:00,78.6201,79.3000,78.6201,79.3000,6184,0
11/19/2014,23:00,80.0350,80.2400,80.0350,80.2400,3180,0
11/20/2014,23:00,80.9500,82.4500,80.9500,82.4200,2949,0
11/21/2014,23:00,81.3500,81.3500,80.7500,80.7500,636,0
11/24/2014,23:00,81.0500,81.0500,81.0500,81.0500,30,0
11/25/2014,23:00,80.0100,80.0100,80.0100,80.0100,75,0
11/26/2014,23:00,80.5000,80.5000,80.5000,80.5000,3,0
12/01/2014,23:00,80.1900,80.1900,80.1900,80.1900,32,0
12/02/2014,23:00,78.5000,78.5000,78.5000,78.5000,242,0
12/03/2014,23:00,75.5000,75.5000,75.5000,75.5000,300,0
12/04/2014,23:00,74.8700,74.8700,74.4800,74.4950,1530,0
12/05/2014,23:00,74.1500,74.1500,74.1000,74.1000,660,0
12/10/2014,23:00,72.2400,72.2400,72.2400,72.2400,100,0
12/11/2014,23:00,72.3500,72.5000,72.0400,72.5000,1583,0
12/12/2014,23:00,71.9300,71.9300,71.4100,71.4500,1147,0
12/15/2014,23:00,71.8000,71.8000,70.2500,70.2500,260,0
12/16/2014,23:00,68.9199,68.9200,68.8280,68.8280,1165,0
12/17/2014,23:00,68.6800,68.6800,68.6800,68.6800,1032,0
12/18/2014,23:00,68.9600,68.9600,68.9600,68.9600,200,0
12/22/2014,23:00,70.0500,70.0500,69.3500,69.3500,925,0
12/29/2014,23:00,69.0000,69.2500,69.0000,69.2500,250,0
12/30/2014,23:00,70.3500,70.3500,70.3500,70.3500,630,0
12/31/2014,23:00,69.4500,69.4500,69.4500,69.4500,255,0
01/02/2015,23:00,68.6800,68.6800,67.4900,67.4900,1513,0
01/05/2015,23:00,65.8800,65.8800,65.8800,65.8800,387,0
01/06/2015,23:00,65.5300,65.5300,65.5300,65.5300,400,0
01/09/2015,23:00,68.1000,68.1000,66.6800,67.3600,489,0
01/12/2015,23:00,66.4400,66.4400,66.4400,66.4400,100,0
01/13/2015,23:00,66.0900,66.4300,65.8500,66.4300,690,0
01/14/2015,23:00,65.8200,66.0000,65.8200,66.0000,355,0
01/15/2015,23:00,65.1800,65.1800,65.1800,65.1800,24081,0
01/16/2015,23:00,64.6000,65.7000,64.6000,65.7000,24081,0
01/20/2015,23:00,68.0000,68.0000,67.2300,67.8300,643,0
01/21/2015,23:00,66.3700,66.3700,66.3700,66.3700,758,0
01/23/2015,23:00,68.4300,68.5200,68.4300,68.5200,475,0
01/26/2015,23:00,69.7500,69.8000,69.7500,69.8000,490,0
01/27/2015,23:00,70.2400,70.2500,70.1100,70.2500,564,0
01/29/2015,23:00,69.5000,69.8600,69.5000,69.8600,490,0
02/02/2015,23:00,69.7500,70.2600,69.7500,70.2600,376,0
02/04/2015,23:00,72.4300,72.4300,72.1800,72.1800,649,0
02/10/2015,23:00,70.9100,71.2100,70.9100,71.2100,446,0
02/11/2015,23:00,71.4900,72.0000,71.4900,72.0000,8542,0
02/13/2015,23:00,73.6500,73.6500,73.6500,73.6500,104,0
02/17/2015,23:00,72.5000,73.3300,72.5000,73.3300,787,0
02/19/2015,23:00,76.7000,77.2500,76.0000,77.2500,1532,0
02/23/2015,23:00,78.0400,78.0400,78.0400,78.0400,1698,0
02/25/2015,23:00,77.0900,77.0900,77.0900,77.0900,400,0
03/03/2015,23:00,76.8500,76.9500,76.8500,76.9500,10,0
03/06/2015,23:00,78.0600,78.0600,77.9000,77.9000,200,0
03/17/2015,23:00,75.4500,75.4500,75.4500,75.4500,10827,0
03/18/2015,23:00,75.8500,75.9700,75.8500,75.9700,280,0
03/23/2015,23:00,76.0000,76.0000,76.0000,76.0000,1000,0
03/24/2015,23:00,76.7600,76.7600,76.7600,76.7600,150,0
03/27/2015,23:00,79.1670,79.4800,79.1670,79.4800,18406,0
03/31/2015,23:00,78.7200,78.7200,78.7200,78.7200,950,0
04/02/2015,23:00,81.0000,81.2000,81.0000,81.2000,1458,0
04/06/2015,23:00,81.5000,81.5000,81.5000,81.5000,254,0
04/07/2015,23:00,81.2000,81.2000,80.8300,80.8300,3130,0
04/08/2015,23:00,81.1100,81.1100,81.1100,81.1100,2960,0
04/13/2015,23:00,80.9650,81.0000,80.9200,81.0000,8014,0
04/23/2015,23:00,79.5500,79.5500,79.5500,79.5500,250,0
04/27/2015,23:00,83.4500,83.4500,83.4500,83.4500,287,0
04/29/2015,23:00,81.5400,81.5400,81.5400,81.5400,212,0
04/30/2015,23:00,81.7674,81.7674,81.7674,81.7674,160,0
05/06/2015,23:00,83.0500,83.0500,83.0500,83.0500,765,0
05/14/2015,23:00,84.8000,84.8000,84.8000,84.8000,115,0
05/18/2015,23:00,85.5000,85.5000,85.5000,85.5000,193,0
05/19/2015,23:00,84.9400,84.9400,84.3200,84.3200,721,0
05/27/2015,23:00,80.1500,80.7700,80.1500,80.7700,1450,0
05/29/2015,23:00,78.1500,78.1500,78.1500,78.1500,50936,0
06/01/2015,23:00,78.6500,78.6500,78.6500,78.6500,860,0
06/04/2015,23:00,80.1000,80.1000,80.1000,80.1000,165,0
06/10/2015,23:00,79.3845,79.3845,79.3291,79.3841,545588,0
06/11/2015,23:00,80.3000,80.5200,80.3000,80.5200,535,0
06/12/2015,23:00,79.6300,79.6300,79.6300,79.6300,3160,0
06/15/2015,23:00,78.2500,78.2500,78.2500,78.2500,166,0
06/16/2015,23:00,77.4900,77.4900,77.4900,77.4900,1430,0
06/17/2015,23:00,77.9500,78.5200,77.7000,78.5200,660,0
06/18/2015,23:00,78.9800,79.8000,78.9800,79.8000,2032,0
06/29/2015,23:00,77.8000,77.8000,77.8000,77.8000,100,0
06/30/2015,23:00,76.4100,76.9700,76.4100,76.9700,4832,0
07/01/2015,23:00,78.1500,78.1500,78.1000,78.1000,280,0
07/02/2015,23:00,78.0200,78.0200,78.0200,78.0200,120,0
07/06/2015,23:00,76.3500,76.3500,76.0200,76.0200,200,0
07/07/2015,23:00,73.3200,74.2000,73.3200,74.2000,380,0
07/09/2015,23:00,74.7700,74.7700,74.2500,74.2700,1218,0
07/13/2015,23:00,77.4900,77.4900,76.6500,76.6500,730,0
07/16/2015,23:00,77.6500,77.6500,77.6500,77.6500,440,0
07/20/2015,23:00,77.4400,77.4500,77.2200,77.2200,625,0
07/21/2015,23:00,77.3200,77.5100,77.3200,77.5100,300,0
07/22/2015,23:00,77.2000,77.3800,77.2000,77.3800,369,0
08/04/2015,23:00,80.9575,80.9575,80.3800,80.3800,668,0
08/05/2015,23:00,80.5800,80.7800,80.0000,80.6900,900,0
08/06/2015,23:00,81.4900,81.4900,80.2000,80.2000,51246,0
08/10/2015,23:00,81.5000,81.5000,81.5000,81.5000,13230,0
08/14/2015,23:00,76.3400,76.3600,76.3400,76.3600,1162,0
08/19/2015,23:00,74.6500,74.6500,74.6500,74.6500,180,0
08/20/2015,23:00,73.8600,73.8600,73.8600,73.8600,1185,0
08/21/2015,23:00,74.1300,74.1300,73.8000,73.8000,301,0
08/24/2015,23:00,73.6500,75.2000,73.6500,74.1000,2258,0
08/25/2015,23:00,74.6000,74.6000,74.6000,74.6000,102,0
08/26/2015,23:00,74.1500,74.4080,74.1500,74.4080,337,0
09/10/2015,23:00,73.3900,73.5200,73.3900,73.5200,600,0
09/11/2015,23:00,74.2500,74.2500,74.2500,74.2500,216,0
09/15/2015,23:00,73.6000,73.6000,73.6000,73.6000,200,0
09/16/2015,23:00,75.7900,75.7900,75.7900,75.7900,172,0
09/17/2015,23:00,78.5500,78.5500,78.5500,78.5500,130,0
09/23/2015,23:00,77.4120,77.4120,77.4120,77.4120,460,0
09/25/2015,23:00,79.3501,79.7500,79.3501,79.4300,1010,0
09/28/2015,23:00,79.6500,79.6500,79.6500,79.6500,440,0
09/30/2015,23:00,80.8000,80.8000,80.8000,80.8000,1000,0
10/01/2015,23:00,79.9430,79.9700,79.8400,79.8400,1110,0
10/02/2015,23:00,80.8000,80.8000,80.8000,80.8000,1100,0
10/07/2015,23:00,84.7000,85.0000,84.3000,84.3000,453,0
10/08/2015,23:00,85.0000,85.2500,85.0000,85.2500,610,0
10/12/2015,23:00,86.3900,86.3900,86.3900,86.3900,100,0
10/13/2015,23:00,85.2700,85.2700,85.2200,85.2600,1020,0
10/14/2015,23:00,86.7500,87.0000,86.7500,87.0000,225,0
10/16/2015,23:00,86.7400,86.7400,86.7400,86.7400,500,0
10/20/2015,23:00,87.7000,87.7000,87.7000,87.7000,200,0
10/21/2015,23:00,89.2100,89.3800,89.2100,89.3800,3597,0
10/22/2015,23:00,89.3500,89.4000,89.3500,89.3500,18516,0
10/23/2015,23:00,89.4300,89.4400,89.4300,89.4400,463,0
10/28/2015,23:00,91.4700,91.6100,91.4700,91.6100,9142,0
11/03/2015,23:00,88.9700,88.9700,88.9700,88.9700,200,0
11/05/2015,23:00,95.8300,96.8200,95.8300,96.6500,381,0
11/06/2015,23:00,94.9900,94.9900,94.4400,94.4400,10424,0
11/10/2015,23:00,94.2800,94.2800,94.2800,94.2800,290,0
11/12/2015,23:00,93.4800,93.4800,93.4200,93.4200,8709,0
11/13/2015,23:00,91.6000,91.6000,91.6000,91.6000,100,0
11/16/2015,23:00,91.8100,91.8100,91.8100,91.8100,100,0
11/17/2015,23:00,91.8980,91.8980,90.6800,90.6800,17903,0
11/18/2015,23:00,92.4500,92.7500,92.4500,92.7500,260,0
11/19/2015,23:00,93.9850,93.9850,93.8100,93.8100,2573,0
11/27/2015,23:00,94.3000,94.3000,94.3000,94.3000,1863,0
12/02/2015,23:00,99.5000,99.5000,97.9400,97.9400,10302,0
12/03/2015,23:00,99.1000,99.1000,97.8500,97.8500,320,0
12/04/2015,23:00,99.3100,99.3100,99.0000,99.0000,1100,0
12/07/2015,23:00,100.0000,100.2200,100.0000,100.2200,200,0
12/08/2015,23:00,99.0400,99.0400,99.0400,99.0400,100,0
12/09/2015,23:00,96.5100,96.5100,96.5100,96.5100,100,0
12/17/2015,23:00,98.3700,98.3700,98.3700,98.3700,220,0
12/18/2015,23:00,97.4900,97.4900,96.6400,96.6400,300,0
12/21/2015,23:00,95.6200,95.6200,95.6200,95.6200,678,0
12/22/2015,23:00,96.5500,96.5500,96.5500,96.5500,300,0
12/28/2015,23:00,98.0000,98.0000,98.0000,98.0000,102,0
12/30/2015,23:00,98.6000,98.6000,98.6000,98.6000,244,0
01/08/2016,23:00,90.9700,90.9700,90.9700,90.9700,110,0
01/12/2016,23:00,93.6600,93.6600,93.6600,93.6600,1020,0
01/14/2016,23:00,91.8400,92.3450,91.8400,92.3450,1171,0
01/19/2016,23:00,100.1600,100.3100,100.0000,100.3100,1357,0
01/20/2016,23:00,99.9900,99.9900,99.0000,99.7400,850,0
01/26/2016,23:00,100.3100,100.3100,100.3100,100.3100,106,0
02/01/2016,23:00,103.4100,103.4100,103.4100,103.4100,2642,0
02/08/2016,23:00,96.4500,96.4500,96.4500,96.4500,157,0
02/10/2016,23:00,98.2000,98.2000,98.1900,98.1900,200,0
02/16/2016,23:00,101.5550,101.5550,101.5550,101.5550,103,0
02/18/2016,23:00,109.2300,109.2300,109.2300,109.2300,150,0
02/19/2016,23:00,109.8300,110.7000,109.8300,110.7000,325,0
02/22/2016,23:00,109.7665,109.7665,109.7665,109.7665,107,0
02/24/2016,23:00,106.4600,106.4600,106.4600,106.4600,100,0
02/26/2016,23:00,107.8700,107.8700,107.8700,107.8700,200,0
02/29/2016,23:00,107.1230,107.1230,107.1230,107.1230,45,0
03/04/2016,23:00,106.9700,106.9700,106.9700,106.9700,200,0
03/10/2016,23:00,109.2500,109.2500,108.8200,108.8600,556,0
03/11/2016,23:00,111.0800,111.0800,111.0800,111.0800,500,0
03/15/2016,23:00,113.0100,113.0100,113.0100,113.0100,415,0
03/16/2016,23:00,113.9000,113.9400,113.9000,113.9400,200,0
03/21/2016,23:00,112.9400,112.9400,112.9400,112.9400,349,0
03/23/2016,23:00,114.9800,114.9800,114.9800,114.9800,120,0
03/29/2016,23:00,114.8820,117.0300,114.8000,117.0300,544,0
03/30/2016,23:00,118.3000,118.3000,118.3000,118.3000,100,0
04/01/2016,23:00,116.4000,116.4000,116.4000,116.4000,150,0
04/07/2016,23:00,116.9325,116.9325,116.9325,116.9325,204,0
04/14/2016,23:00,118.7400,118.7400,118.7400,118.7400,126,0
04/18/2016,23:00,118.7500,120.7900,118.7500,120.7900,2219,0
04/20/2016,23:00,121.5700,121.5700,121.5700,121.5700,160,0
04/21/2016,23:00,119.2300,119.2300,119.2300,119.2300,369,0
05/02/2016,23:00,130.2775,130.9300,130.0500,130.0500,434,0
05/04/2016,23:00,128.9610,129.5100,128.9610,129.5100,404,0
05/10/2016,23:00,130.1100,130.1200,130.1100,130.1200,204,0
05/11/2016,23:00,129.2500,132.0500,129.2500,131.2600,1100,0
05/13/2016,23:00,123.9900,123.9900,123.9900,123.9900,228,0
05/17/2016,23:00,124.5500,124.5500,124.5500,124.5500,1130,0
05/18/2016,23:00,123.5700,124.0500,123.5700,124.0500,200,0
05/20/2016,23:00,125.2600,126.4200,125.2600,126.4200,9771,0
05/23/2016,23:00,127.4800,127.4800,127.4800,127.4800,100,0
05/24/2016,23:00,127.6700,127.8900,127.6700,127.8800,1800,0
05/31/2016,23:00,127.7400,127.7400,127.7400,127.7400,102,0
06/01/2016,23:00,129.8600,129.8600,129.8600,129.8600,218,0
06/03/2016,23:00,132.3800,132.4050,132.3800,132.4050,20150,0
06/06/2016,23:00,133.1400,133.2200,133.1400,133.2200,11000,0
06/09/2016,23:00,134.2000,134.2000,134.2000,134.2000,1125,0
06/10/2016,23:00,133.8100,134.0000,133.3500,134.0000,300,0
06/13/2016,23:00,133.0000,133.0000,131.9600,131.9600,1272,0
06/14/2016,23:00,129.0700,129.0700,129.0700,129.0700,276,0
06/15/2016,23:00,130.0800,130.0900,129.8100,129.8100,390,0
06/16/2016,23:00,129.7000,129.7000,129.7000,129.7000,100,0
06/17/2016,23:00,132.2600,132.6500,132.2600,132.6500,235,0
06/21/2016,23:00,138.8900,138.8900,138.8900,138.8900,100,0
06/24/2016,23:00,131.7500,135.2500,131.7500,134.5000,751,0
06/27/2016,23:00,131.5950,132.4000,130.7100,132.4000,455,0
06/28/2016,23:00,136.2000,136.6000,136.2000,136.6000,561,0
06/29/2016,23:00,140.0500,140.6500,139.8700,140.6500,385,0
06/30/2016,23:00,143.2400,144.9300,143.2400,144.9300,418,0
07/01/2016,23:00,142.0400,142.2800,142.0400,142.2800,644,0
07/05/2016,23:00,142.0400,142.0400,138.4500,138.4500,411,0
07/06/2016,23:00,142.0100,142.0300,141.9700,141.9700,793,0
07/07/2016,23:00,139.8000,139.8000,139.8000,139.8000,142,0
07/08/2016,23:00,140.0200,140.1400,139.1000,139.1000,403,0
07/11/2016,23:00,143.1400,143.1500,142.3000,142.3000,300,0
07/12/2016,23:00,144.6700,144.6700,144.6700,144.6700,154,0
07/13/2016,23:00,145.4200,145.4200,144.7500,144.7500,293,0
07/15/2016,23:00,144.2800,144.2800,144.2800,144.2800,119,0
07/19/2016,23:00,145.9000,146.7000,145.9000,146.7000,200,0
07/20/2016,23:00,150.1900,150.5000,150.1800,150.5000,4009,0
07/21/2016,23:00,151.9200,153.2500,150.2500,153.2500,813,0
07/22/2016,23:00,150.8100,150.8100,150.8100,150.8100,129,0
07/25/2016,23:00,152.1700,152.1700,152.1700,152.1700,185,0
07/26/2016,23:00,153.5400,154.3500,153.5400,154.3500,332,0
07/27/2016,23:00,154.2700,154.2700,154.2700,154.2700,7212,0
07/28/2016,23:00,159.7900,160.3600,159.7900,160.1600,633,0
07/29/2016,23:00,163.3900,164.0900,163.3900,164.0900,517,0
08/01/2016,23:00,165.0000,165.9800,165.0000,165.9800,528,0
08/02/2016,23:00,166.1900,166.1900,166.1900,166.1900,289,0
08/03/2016,23:00,165.3800,166.6300,165.3800,166.6300,358,0
08/04/2016,23:00,161.8500,162.5500,161.8500,162.5500,321,0
08/05/2016,23:00,162.6500,163.2000,162.6500,163.2000,321,0
08/09/2016,23:00,165.3600,165.3600,165.1800,165.1800,300,0
08/10/2016,23:00,170.1000,170.1000,170.1000,170.1000,356,0
08/11/2016,23:00,170.9900,172.7300,170.9900,172.7300,450,0
08/12/2016,23:00,171.9214,173.7100,171.9214,173.7100,814,0
08/15/2016,23:00,174.0000,174.0000,173.8000,173.8000,297,0
08/16/2016,23:00,174.9600,175.7100,174.9600,175.4025,550,0
08/18/2016,23:00,177.3400,177.3400,177.3400,177.3400,236,0
08/19/2016,23:00,175.8900,175.8900,175.8900,175.8900,169,0
08/26/2016,23:00,172.2600,172.2600,169.5500,169.5500,531,0
08/31/2016,23:00,166.3000,166.4000,166.3000,166.4000,283,0
09/01/2016,23:00,164.5000,165.5000,164.5000,165.5000,2990,0
09/02/2016,23:00,164.0000,164.0000,164.0000,164.0000,455,0
09/06/2016,23:00,164.0000,165.3100,164.0000,165.3100,438,0
09/07/2016,23:00,167.1800,167.1800,167.1800,167.1800,204,0
09/08/2016,23:00,164.2900,165.6500,164.0000,164.0000,429,0
09/12/2016,23:00,164.5100,165.1000,164.5100,165.1000,476,0
09/13/2016,23:00,165.6500,165.6500,165.6500,165.6500,145,0
09/15/2016,23:00,168.2300,168.2300,168.2300,168.2300,100,0
09/16/2016,23:00,167.6400,167.6400,167.6400,167.6400,115,0
09/19/2016,23:00,166.7000,166.7000,166.7000,166.7000,229,0
09/21/2016,23:00,170.1100,172.1600,170.1100,172.1600,580,0
09/26/2016,23:00,172.5800,172.5800,172.4500,172.4500,610,0
09/27/2016,23:00,171.4000,171.9000,171.4000,171.9000,200,0
09/28/2016,23:00,174.6700,174.7500,173.7500,173.7500,334,0
09/29/2016,23:00,174.3600,174.3600,172.0400,172.0400,770,0
10/03/2016,23:00,173.4200,173.4200,170.8500,170.8500,223,0
10/04/2016,23:00,174.8900,174.8900,174.8900,174.8900,100,0
10/06/2016,23:00,172.7500,172.7500,172.7500,172.7500,102,0
10/13/2016,23:00,168.2000,168.2000,168.2000,168.2000,279,0
10/21/2016,23:00,169.5000,169.5000,169.5000,169.5000,100,0
10/28/2016,23:00,162.7500,162.7500,162.7500,162.7500,547,0
11/04/2016,23:00,147.3900,147.3900,146.8200,146.9000,616,0
11/08/2016,23:00,151.5500,151.5500,151.4600,151.4600,205,0
11/09/2016,23:00,149.6000,149.6000,149.6000,149.6000,124,0
11/14/2016,23:00,143.1000,144.8000,142.8500,144.8000,1578,0
11/15/2016,23:00,147.7400,147.7400,147.7400,147.7400,450,0
11/22/2016,23:00,147.0900,147.0900,146.4600,146.4600,389,0
11/25/2016,23:00,147.7500,148.3500,147.7500,148.3500,430,0
11/28/2016,23:00,146.7000,146.7000,146.4400,146.4400,575,0
12/01/2016,23:00,146.4000,146.4000,145.8500,145.8500,298,0
12/07/2016,23:00,152.6700,152.6700,152.6700,152.6700,305,0
12/14/2016,23:00,152.4000,152.4000,151.5000,151.5000,243,0
12/15/2016,23:00,148.9000,148.9000,148.9000,148.9000,105,0
12/16/2016,23:00,150.3000,150.3000,150.3000,150.3000,648,0
12/19/2016,23:00,151.8500,151.8500,150.2000,150.2000,337,0
12/20/2016,23:00,151.7500,151.7500,151.7500,151.7500,125,0
12/23/2016,23:00,152.0000,152.0000,152.0000,152.0000,300,0
12/27/2016,23:00,152.9600,152.9600,152.9600,152.9600,200,0
12/28/2016,23:00,153.9100,153.9100,153.9100,153.9100,32,0
12/29/2016,23:00,153.8900,154.0000,153.8900,154.0000,49,0
12/30/2016,23:00,156.6400,159.8400,156.6400,158.2500,168,0
01/03/2017,23:00,154.5000,156.6000,154.1900,154.5500,170,0
01/04/2017,23:00,154.6290,154.6500,154.6290,154.6500,582,0
01/05/2017,23:00,152.5000,153.7500,152.5000,153.7500,320,0
01/06/2017,23:00,153.5000,153.5000,152.0000,152.0400,108,0
01/09/2017,23:00,152.7375,152.7375,152.7375,152.7375,2,0
01/11/2017,23:00,153.7500,153.7500,153.7500,153.7500,100,0
01/12/2017,23:00,155.6250,156.5000,155.6250,156.5000,14,0
01/13/2017,23:00,157.1250,157.1250,156.3000,156.3000,110,0
01/17/2017,23:00,155.9500,158.7295,155.9500,158.7295,35,0
01/18/2017,23:00,162.5000,162.5000,162.5000,162.5000,1,0
01/19/2017,23:00,162.3000,162.3000,161.4000,161.4000,10,0
01/20/2017,23:00,161.7000,161.7000,161.7000,161.7000,1,0
01/23/2017,23:00,163.7300,163.8840,163.7300,163.8840,105,0
01/24/2017,23:00,164.6700,167.0500,164.6700,165.3100,868,0
01/25/2017,23:00,165.9400,166.3000,165.2500,166.3000,70,0
01/26/2017,23:00,166.7295,166.7295,164.4680,164.4680,545,0
01/27/2017,23:00,164.4700,165.8100,164.4700,165.8100,44,0
01/30/2017,23:00,161.8300,162.2500,159.7500,161.3000,637,0
01/31/2017,23:00,158.7900,158.7900,156.6000,156.6000,72,0
02/02/2017,23:00,158.9250,158.9250,157.9000,157.9500,217,0
02/03/2017,23:00,159.4000,159.5500,157.5000,157.5000,429,0
02/06/2017,23:00,154.6050,154.6050,153.7000,154.2000,76,0
02/07/2017,23:00,155.2500,155.2500,153.7000,155.0600,404,0
02/08/2017,23:00,153.9500,153.9500,153.9500,153.9500,12,0
02/09/2017,23:00,157.0000,157.0000,157.0000,157.0000,5,0
02/10/2017,23:00,158.0000,158.7500,158.0000,158.2500,204,0
02/13/2017,23:00,161.7900,161.7900,159.6000,159.6000,24,0
02/14/2017,23:00,158.6500,160.8500,158.6500,160.8500,7,0
02/15/2017,23:00,159.4600,159.4600,159.4600,159.4600,20,0
02/17/2017,23:00,158.0000,158.0000,156.2500,156.2500,22,0
02/21/2017,23:00,159.5750,161.9000,159.2500,159.2900,179,0
02/23/2017,23:00,160.8710,162.6900,160.8710,162.6900,104,0
02/24/2017,23:00,159.8500,159.8500,159.8500,159.8500,1,0
02/27/2017,23:00,166.2000,168.8500,166.2000,168.8000,52,0
02/28/2017,23:00,168.8000,168.8000,168.8000,168.8000,2,0
03/01/2017,23:00,169.4000,170.5000,168.5500,168.5500,37,0
03/02/2017,23:00,170.4000,170.4000,170.2900,170.2900,46,0
03/03/2017,23:00,171.2000,171.2000,170.0000,170.6600,75,0
03/06/2017,23:00,170.8500,170.8500,168.8000,170.3300,94,0
03/07/2017,23:00,170.0000,170.0000,168.0000,169.0000,177,0
03/08/2017,23:00,181.7000,185.4100,181.7000,185.2499,770,0
03/09/2017,23:00,189.0500,189.0500,188.8200,188.9400,22,0
03/10/2017,23:00,190.3000,190.3000,190.2500,190.2500,56,0
03/13/2017,23:00,192.5500,192.5925,191.2500,191.8500,228,0
03/14/2017,23:00,188.9795,189.0000,186.2800,187.7500,290,0
03/15/2017,23:00,189.7500,191.3300,189.0000,191.3300,227,0
03/16/2017,23:00,197.2100,197.2100,197.2100,197.2100,5300,0
03/17/2017,23:00,197.4100,198.0000,196.5400,198.0000,6049,0
03/20/2017,23:00,197.0285,197.0500,194.9000,196.6500,43,0
03/21/2017,23:00,197.0000,197.0000,194.0500,195.0000,122,0
03/22/2017,23:00,194.1500,194.5500,194.0000,194.5500,720,0
03/23/2017,23:00,193.3000,194.2500,193.0950,194.2500,1243,0
03/24/2017,23:00,192.1000,193.9000,192.1000,193.9000,343,0
03/27/2017,23:00,191.1000,192.5000,190.9000,192.5000,691,0
03/28/2017,23:00,193.9835,194.0000,193.7500,193.7500,141,0
03/29/2017,23:00,192.5000,192.5000,190.4900,190.4900,535,0
03/30/2017,23:00,190.2900,190.2900,190.2900,190.2900,100,0
03/31/2017,23:00,190.0000,190.2500,188.2200,190.2500,677,0
04/03/2017,23:00,187.3400,188.3000,186.7500,186.7500,793,0
04/04/2017,23:00,187.8300,190.2500,187.8300,188.8000,5748,0
04/05/2017,23:00,188.0000,188.0000,186.0400,186.0500,61,0
04/06/2017,23:00,187.0840,189.5000,186.6900,186.7100,30,0
04/10/2017,23:00,187.8000,187.8000,187.0000,187.0000,14,0
04/11/2017,23:00,188.6000,188.6000,186.0000,186.0000,114,0
04/12/2017,23:00,186.7550,187.2500,186.7500,187.2500,102,0
04/13/2017,23:00,189.5000,189.5000,189.4600,189.4600,305,0
04/17/2017,23:00,192.4500,192.4500,190.5000,192.4100,506,0
04/18/2017,23:00,190.9700,191.2500,189.5900,190.0400,10,0
04/19/2017,23:00,188.3300,191.0000,188.3300,191.0000,36,0
04/20/2017,23:00,191.5000,191.5000,191.5000,191.5000,5,0
04/21/2017,23:00,192.7000,192.7500,192.7000,192.7500,14,0
04/24/2017,23:00,197.6800,200.0000,197.6800,200.0000,38,0
04/25/2017,23:00,202.4000,203.7000,202.4000,203.7000,1055,0
04/26/2017,23:00,202.4250,202.7500,202.4250,202.6900,14,0
04/27/2017,23:00,201.4600,201.4600,199.6500,199.6500,280,0
04/28/2017,23:00,199.8400,200.0000,199.8400,200.0000,124,0
05/01/2017,23:00,200.9250,200.9250,199.3800,200.0000,496,0
05/02/2017,23:00,199.9600,200.0000,199.9600,200.0000,195,0
05/03/2017,23:00,199.0500,199.1500,198.0000,198.0000,852,0
05/04/2017,23:00,201.9925,202.0000,201.7500,201.7500,58,0
05/05/2017,23:00,203.4600,203.5000,201.1000,202.2500,1505,0
05/08/2017,23:00,200.6717,200.7000,199.9900,199.9900,1658,0
05/09/2017,23:00,200.0000,200.0000,197.9800,200.0000,128,0
05/10/2017,23:00,198.6213,198.8500,195.7500,197.0500,103,0
05/11/2017,23:00,194.8500,195.5500,194.8500,195.5500,75,0
05/12/2017,23:00,192.7600,193.4500,192.7600,193.4500,6,0
05/15/2017,23:00,194.3500,194.3500,194.3500,194.3500,50,0
05/16/2017,23:00,196.8700,196.9100,196.8700,196.9100,76,0
05/17/2017,23:00,194.5000,194.5000,193.0000,194.0500,296,0
05/18/2017,23:00,195.1500,195.1500,193.1700,193.1700,8,0
05/22/2017,23:00,193.0000,193.0000,191.7500,191.7500,14,0
05/23/2017,23:00,193.0500,193.0500,190.2500,192.5000,172,0
05/24/2017,23:00,189.0000,189.0000,189.0000,189.0000,3,0
05/25/2017,23:00,192.6500,193.9000,192.0000,193.9000,3309,0
05/26/2017,23:00,192.2500,193.5500,192.2500,193.3500,4845,0
05/30/2017,23:00,194.0000,194.5750,192.5000,194.5750,212,0
05/31/2017,23:00,193.8500,193.8500,190.8500,193.2500,37,0
06/01/2017,23:00,191.7200,192.2000,190.2500,190.2500,147,0
06/02/2017,23:00,193.6250,194.0000,193.6250,194.0000,75,0
06/05/2017,23:00,192.0000,194.2000,192.0000,194.2000,300,0
06/06/2017,23:00,192.0000,192.0000,190.0000,190.0000,86,0
06/07/2017,23:00,191.0162,191.5000,190.6000,191.5000,314,0
06/08/2017,23:00,190.0000,190.3600,188.7500,188.7500,50,0
06/09/2017,23:00,188.6100,189.2500,188.6100,189.2500,27,0
06/12/2017,23:00,190.1500,192.0000,190.1500,191.7500,111,0
06/13/2017,23:00,194.8000,199.3500,194.8000,199.3500,19607,0
06/14/2017,23:00,200.7500,200.7500,200.7500,200.7500,13,0
06/15/2017,23:00,193.5000,194.0000,192.5000,192.5000,134,0
06/16/2017,23:00,194.0000,194.0000,193.5400,193.5400,254,0
06/19/2017,23:00,195.7500,195.7500,193.2500,194.8500,730,0
06/20/2017,23:00,190.0000,193.0000,190.0000,192.4000,552,0
06/21/2017,23:00,190.0000,190.0000,190.0000,190.0000,150,0
06/23/2017,23:00,188.0000,188.0000,188.0000,188.0000,4,0
06/26/2017,23:00,189.9500,190.0000,187.8000,189.9500,45,0
06/27/2017,23:00,190.0500,190.0500,187.6600,187.6600,11,0
06/28/2017,23:00,190.0000,193.0000,190.0000,191.0500,64,0
06/29/2017,23:00,190.1600,190.1600,187.7500,188.2500,110,0
06/30/2017,23:00,194.2600,194.2600,191.4000,191.4000,174,0
07/03/2017,23:00,193.2000,193.2000,193.2000,193.2000,50,0
07/05/2017,23:00,202.0000,202.0000,199.5000,200.9600,95,0
07/06/2017,23:00,200.0000,200.0000,200.0000,200.0000,32,0
07/07/2017,23:00,200.2500,200.2500,200.0000,200.0000,98,0
07/10/2017,23:00,198.5000,198.5000,198.2500,198.2500,426,0
07/11/2017,23:00,199.8500,200.7700,198.6700,200.0000,5063,0
07/12/2017,23:00,205.4680,205.4680,201.7500,203.0000,1417,0
07/13/2017,23:00,203.5000,203.5000,203.5000,203.5000,18,0
07/17/2017,23:00,207.2320,210.0000,207.2320,210.0000,578,0
07/18/2017,23:00,209.6500,209.6500,207.0000,207.0000,141,0
07/19/2017,23:00,205.0000,207.5000,205.0000,207.5000,37,0
07/20/2017,23:00,208.4900,209.0000,207.5000,207.5000,450,0
07/21/2017,23:00,209.1680,209.2500,209.1680,209.2500,25,0
07/24/2017,23:00,207.6180,207.6180,204.0000,204.0000,21,0
07/25/2017,23:00,205.8900,205.9800,204.5000,204.5000,3019,0
07/26/2017,23:00,206.9600,206.9600,205.5400,205.5400,12,0
07/27/2017,23:00,209.0900,219.9500,206.0000,219.9500,3969,0
07/28/2017,23:00,223.0600,228.0400,222.4100,228.0100,465,0
07/31/2017,23:00,229.0000,229.0000,228.0000,228.0000,1004,0
08/01/2017,23:00,228.5000,228.5000,225.2500,228.0000,5172,0
08/02/2017,23:00,226.8400,226.8400,225.4500,226.1500,103,0
08/03/2017,23:00,230.6600,230.9500,227.6000,229.7500,1138,0
08/04/2017,23:00,234.8625,235.1000,233.2000,233.2000,139,0
08/07/2017,23:00,235.0000,236.2500,234.8000,234.8000,203,0
08/08/2017,23:00,232.5000,235.0000,232.5000,235.0000,24,0
08/09/2017,23:00,229.2185,229.2500,225.2000,225.2000,125,0
08/10/2017,23:00,225.9000,226.6000,223.5400,225.2500,698,0
08/11/2017,23:00,224.0815,225.5000,224.0500,225.5000,39,0
08/14/2017,23:00,228.4500,230.0000,227.0000,227.0400,88,0
08/15/2017,23:00,227.0000,227.0000,226.5000,227.0000,14,0
08/16/2017,23:00,228.6500,228.6500,226.6000,226.6000,39,0
08/17/2017,23:00,226.6000,226.6000,223.5000,223.5000,97,0
08/18/2017,23:00,219.2500,223.5000,216.7000,223.5000,204,0
08/21/2017,23:00,223.3500,223.3500,220.5000,220.5000,18,0
08/22/2017,23:00,221.6000,224.5100,221.6000,222.0000,90,0
08/23/2017,23:00,220.9000,224.4000,220.8000,224.4000,79,0
08/24/2017,23:00,222.5000,225.0500,221.5000,221.5000,85,0
08/25/2017,23:00,222.2500,222.2500,222.2500,222.2500,69,0
08/28/2017,23:00,220.2500,220.5400,220.2500,220.5400,35,0
08/29/2017,23:00,218.5000,221.4500,218.5000,221.4500,24,0
08/30/2017,23:00,220.5000,222.4600,220.5000,222.4600,47409,0
08/31/2017,23:00,223.1500,225.6100,222.5000,225.6100,307,0
09/01/2017,23:00,226.2000,227.4600,224.7000,224.7000,143,0
09/05/2017,23:00,226.9900,227.0000,224.8700,224.8700,7,0
09/06/2017,23:00,229.4600,229.5000,229.4600,229.5000,7,0
09/07/2017,23:00,235.5000,235.5000,233.5000,233.5000,11,0
09/08/2017,23:00,236.0000,236.0000,233.0000,233.0000,122,0
09/11/2017,23:00,234.0500,237.5000,234.0500,237.4600,677,0
09/12/2017,23:00,237.0000,237.9500,235.5000,237.9500,131,0
09/13/2017,23:00,237.9900,237.9900,235.0000,235.0000,69,0
09/14/2017,23:00,233.0500,236.3600,233.0500,233.4500,65,0
09/15/2017,23:00,237.9900,237.9900,234.8000,237.6600,186,0
09/18/2017,23:00,236.7675,237.0500,233.3000,233.4000,541,0
09/19/2017,23:00,234.4600,235.0500,233.0000,233.0000,15,0
09/20/2017,23:00,233.0000,233.4600,229.8500,231.0000,727,0
09/21/2017,23:00,231.0000,231.0000,229.0500,231.0000,297,0
09/22/2017,23:00,231.3300,232.0100,229.0000,231.0100,993,0
09/25/2017,23:00,230.0000,230.0000,227.2000,227.2000,175,0
09/26/2017,23:00,225.5500,225.5500,219.8500,220.0000,1538,0
09/27/2017,23:00,218.0500,221.8000,218.0500,221.8000,501,0
09/28/2017,23:00,221.5279,223.0000,219.6000,220.2000,994,0
09/29/2017,23:00,225.2300,227.5000,224.4000,224.5000,212,0
10/02/2017,23:00,230.0000,231.9600,228.5000,228.5000,169,0
10/03/2017,23:00,230.0000,232.2100,228.7600,228.7600,414,0
10/04/2017,23:00,228.8900,228.9900,228.8900,228.9900,35,0
10/05/2017,23:00,226.5000,229.0000,225.7225,225.7225,16,0
10/06/2017,23:00,223.4825,225.2500,223.4500,225.2500,33,0
10/09/2017,23:00,226.5500,228.5000,226.5500,228.5000,219,0
10/10/2017,23:00,230.8500,231.5500,230.8500,231.5500,270,0
10/11/2017,23:00,230.4600,230.4600,228.5000,228.5500,522,0
10/12/2017,23:00,228.5500,228.5500,227.6000,227.6000,31,0
10/13/2017,23:00,228.2000,230.0500,227.2500,227.2500,372,0
10/16/2017,23:00,225.5500,227.9500,225.2900,225.2900,512,0
10/17/2017,23:00,225.5000,225.9600,224.5400,224.5400,533,0
10/18/2017,23:00,223.0000,223.5000,223.0000,223.5000,28,0
10/19/2017,23:00,221.9500,222.4600,219.5000,222.4600,559,0
10/20/2017,23:00,219.0600,222.6500,219.0600,222.6500,114,0
10/23/2017,23:00,217.9500,221.2500,217.9500,218.0500,204,0
10/24/2017,23:00,222.2500,222.2500,220.5000,220.5000,500,0
10/25/2017,23:00,220.0000,221.6000,219.0000,219.2000,41,0
10/27/2017,23:00,220.9500,220.9500,220.9500,220.9500,3,0
10/30/2017,23:00,220.9000,222.8500,220.6500,220.6500,12539,0
10/31/2017,23:00,224.5100,224.5500,221.8000,223.9900,301,0
11/01/2017,23:00,220.1500,220.1500,218.0000,218.0000,45349,0
11/02/2017,23:00,218.7500,220.0000,218.7500,220.0000,12570,0
11/03/2017,23:00,219.3000,219.3000,217.0000,218.5000,1063,0
11/06/2017,23:00,210.7500,214.0500,210.7500,212.5000,575,0
11/07/2017,23:00,212.0000,213.5500,212.0000,213.5500,9,0
11/08/2017,23:00,214.0000,215.5000,211.6500,215.5000,161,0
11/09/2017,23:00,207.1000,207.4000,203.0500,205.5000,31449,0
11/10/2017,23:00,208.6100,212.9000,208.4500,209.6000,1413,0
11/14/2017,23:00,218.6000,222.0100,218.6000,219.1500,87,0
11/15/2017,23:00,218.6000,218.6000,218.6000,218.6000,1,0
11/17/2017,23:00,220.0000,220.5000,220.0000,220.5000,190,0
11/20/2017,23:00,218.4600,218.4600,217.0400,218.4600,124,0
11/21/2017,23:00,217.0400,221.0000,217.0400,218.5000,679,0
11/22/2017,23:00,218.8500,218.8500,214.0500,215.6500,618,0
11/24/2017,23:00,217.0000,217.0000,213.2000,214.0000,219,0
11/27/2017,23:00,216.0000,216.4100,211.6000,211.6000,76,0
11/29/2017,23:00,212.8000,214.6100,209.5000,211.9000,2011,0
11/30/2017,23:00,210.0000,210.5000,207.5000,208.5000,1160,0
12/01/2017,23:00,210.0000,210.0000,208.1000,208.1000,92,0
12/04/2017,23:00,209.3875,211.1000,209.3875,211.1000,102,0
12/05/2017,23:00,209.5500,210.0000,207.2500,210.0000,349,0
12/06/2017,23:00,212.0000,212.0000,210.0000,211.5700,1657,0
12/07/2017,23:00,210.0460,214.0600,210.0000,210.5000,20,0
12/08/2017,23:00,211.6500,214.1000,210.6000,214.1000,29,0
12/11/2017,23:00,209.2000,209.2000,205.3500,205.3500,673,0
12/12/2017,23:00,206.4000,206.4525,202.1500,202.1500,188,0
12/13/2017,23:00,199.7500,199.8000,197.2900,198.5000,429,0
12/14/2017,23:00,201.7000,201.7000,197.5000,197.5000,150,0
12/15/2017,23:00,201.5400,201.5400,201.5400,201.5400,112,0
12/18/2017,23:00,203.5500,206.0000,203.5000,206.0000,138,0
12/19/2017,23:00,204.5500,204.5500,203.0400,203.0400,126,0
12/20/2017,23:00,201.6000,202.0000,201.5400,202.0000,1029,0
12/21/2017,23:00,203.0000,203.0000,200.0000,200.0000,12,0
12/22/2017,23:00,201.0000,202.4600,201.0000,202.4600,425,0
12/26/2017,23:00,199.0000,204.3600,199.0000,204.3600,67,0
12/27/2017,23:00,204.8000,204.8000,202.0850,203.0000,48,0
12/28/2017,23:00,202.3800,202.4000,199.5700,199.5700,75,0
12/29/2017,23:00,199.4300,201.7000,199.4300,199.5600,96,0
