"Date","Time","Open","High","Low","Close","Vol","OI"
01/02/2008,22:00,346.43,348.68,338.87,342.60,8613696,0
01/03/2008,22:00,342.63,343.42,338.26,342.67,6505992,0
01/04/2008,22:00,339.85,340.48,327.50,328.50,10721818,0
01/07/2008,22:00,326.97,331.14,318.67,324.63,12809890,0
01/08/2008,22:00,326.50,329.98,315.50,315.84,10684098,0
01/09/2008,22:00,315.37,326.67,311.26,326.60,13492348,0
01/10/2008,22:00,322.51,328.60,320.05,323.36,12669306,0
01/11/2008,22:00,321.35,324.73,315.05,319.13,9955682,0
01/14/2008,22:00,325.57,328.70,322.63,326.91,8897738,0
01/15/2008,22:00,322.95,324.52,317.69,318.83,11169946,0
01/16/2008,22:00,314.48,319.99,300.96,307.98,21125190,0
01/17/2008,22:00,310.38,312.87,299.01,300.39,16433746,0
01/18/2008,22:00,304.18,304.99,299.23,300.13,17084134,0
01/22/2008,22:00,281.02,298.75,280.60,292.17,19004986,0
01/23/2008,22:00,280.36,284.00,259.50,274.31,33943904,0
01/24/2008,22:00,279.40,289.85,277.07,287.24,18818664,0
01/25/2008,22:00,295.90,297.50,283.09,283.20,13931860,0
01/28/2008,22:00,285.48,286.12,274.30,277.99,11633240,0
01/29/2008,22:00,280.23,280.67,270.33,275.26,12569134,0
01/30/2008,22:00,274.60,280.21,271.76,274.14,15899028,0
01/31/2008,22:00,269.51,286.50,267.15,282.15,29753272,0
02/01/2008,22:00,264.33,268.33,255.00,257.95,35205082,0
02/04/2008,22:00,254.54,256.39,246.27,247.71,26321222,0
02/05/2008,22:00,244.71,254.50,244.26,253.40,22420266,0
02/06/2008,22:00,255.57,255.59,248.96,250.85,15281864,0
02/07/2008,22:00,248.43,257.10,247.38,252.48,15860384,0
02/08/2008,22:00,254.71,258.86,254.35,258.35,13664842,0
02/11/2008,22:00,260.26,261.86,256.70,260.58,11654272,0
02/12/2008,22:00,261.70,265.30,256.52,259.05,13326048,0
02/13/2008,22:00,261.25,267.49,259.35,267.31,13265762,0
02/14/2008,22:00,269.17,270.52,265.50,266.13,12960506,0
02/15/2008,22:00,264.15,266.33,262.17,264.82,10488228,0
02/19/2008,22:00,267.47,267.53,253.25,254.48,12704698,0
02/20/2008,22:00,251.76,255.51,249.41,254.50,13338020,0
02/21/2008,22:00,256.42,256.61,249.75,251.43,11357322,0
02/22/2008,22:00,251.03,254.50,248.78,253.90,11033352,0
02/25/2008,22:00,252.98,253.25,242.87,243.22,16748364,0
02/26/2008,22:00,230.60,233.24,223.43,232.10,46582158,0
02/27/2008,22:00,230.07,237.74,229.82,236.43,20254312,0
02/28/2008,22:00,235.25,239.54,233.68,237.70,13181976,0
02/29/2008,22:00,235.93,239.87,232.32,235.59,18853232,0
03/03/2008,22:00,235.76,236.36,225.05,228.51,15114374,0
03/04/2008,22:00,225.48,226.68,217.89,222.30,27257124,0
03/05/2008,22:00,222.63,227.09,222.00,223.85,14879416,0
03/06/2008,22:00,223.85,226.65,215.59,216.35,14942386,0
03/07/2008,22:00,214.44,220.00,213.12,216.68,16143772,0
03/10/2008,22:00,214.41,215.50,206.52,206.81,15979648,0
03/11/2008,22:00,212.90,220.07,212.32,219.92,17664068,0
03/12/2008,22:00,220.01,223.94,219.04,220.09,13305468,0
03/13/2008,22:00,216.34,223.49,214.39,221.51,15455552,0
03/14/2008,22:00,221.49,224.67,215.31,218.96,13149104,0
03/17/2008,22:00,213.99,216.85,206.05,209.93,15780298,0
03/18/2008,22:00,214.49,220.42,212.77,219.58,14482810,0
03/19/2008,22:00,220.55,223.75,215.84,216.00,12358384,0
03/20/2008,22:00,213.66,217.85,208.75,216.77,19827538,0
03/24/2008,22:00,219.21,232.89,218.86,230.28,13529188,0
03/25/2008,22:00,228.73,228.74,223.00,225.39,11667618,0
03/26/2008,22:00,226.29,231.43,224.65,229.10,10454606,0
03/27/2008,22:00,223.00,224.30,220.24,222.04,11665982,0
03/28/2008,22:00,223.73,226.78,217.15,219.04,8754152,0
03/31/2008,22:00,217.82,221.35,216.01,220.24,8892736,0
04/01/2008,22:00,223.87,233.25,223.43,232.85,12187098,0
04/02/2008,22:00,234.95,237.87,230.20,232.85,11999596,0
04/03/2008,22:00,230.87,231.65,224.07,227.56,13556902,0
04/04/2008,22:00,228.51,238.91,228.10,235.54,11797856,0
04/07/2008,22:00,238.51,242.72,236.76,238.41,11890846,0
04/08/2008,22:00,236.52,237.07,231.01,233.90,9102414,0
04/09/2008,22:00,234.57,236.00,228.77,232.10,12096070,0
04/10/2008,22:00,232.48,236.93,230.93,234.54,10147388,0
04/11/2008,22:00,231.81,233.63,227.51,228.73,8339324,0
04/14/2008,22:00,228.58,228.73,225.07,225.83,7685006,0
04/15/2008,22:00,229.07,229.86,221.86,223.42,9173002,0
04/16/2008,22:00,222.20,229.14,220.50,227.51,15262234,0
04/17/2008,22:00,227.82,229.68,223.26,224.77,26825772,0
04/18/2008,22:00,267.61,273.85,262.39,269.70,36480392,0
04/21/2008,22:00,269.70,271.30,265.14,268.89,14889034,0
04/22/2008,22:00,268.79,280.41,268.78,277.50,15884920,0
04/23/2008,22:00,278.97,279.65,270.48,273.24,9847458,0
04/24/2008,22:00,275.64,277.24,270.01,271.52,8277806,0
04/25/2008,22:00,274.51,276.50,271.36,272.03,8332148,0
04/28/2008,22:00,272.94,278.40,269.50,276.06,8020730,0
04/29/2008,22:00,275.42,281.70,275.01,279.23,8692872,0
04/30/2008,22:00,281.11,292.43,279.23,287.14,15809270,0
05/01/2008,22:00,289.15,297.46,288.49,296.54,13212494,0
05/02/2008,22:00,299.24,301.23,289.65,290.64,14000516,0
05/05/2008,22:00,299.43,299.50,293.57,297.45,12576592,0
05/06/2008,22:00,295.50,296.00,291.50,293.18,9265232,0
05/07/2008,22:00,295.14,299.74,288.21,289.50,13228580,0
05/08/2008,22:00,293.10,294.65,289.45,291.51,10246822,0
05/09/2008,22:00,289.50,292.50,285.65,286.60,8970456,0
05/12/2008,22:00,287.38,293.38,284.45,292.47,9732000,0
05/13/2008,22:00,293.11,293.98,289.27,291.50,10331138,0
05/14/2008,22:00,293.24,295.60,287.63,288.15,8758984,0
05/15/2008,22:00,289.50,291.48,287.80,290.50,8688036,0
05/16/2008,22:00,290.71,292.34,289.16,290.04,8550896,0
05/19/2008,22:00,289.27,294.44,286.76,288.76,11209816,0
05/20/2008,22:00,287.32,291.24,286.45,289.30,6628108,0
05/21/2008,22:00,289.26,290.70,273.95,274.99,12940988,0
05/22/2008,22:00,275.98,277.11,270.13,274.73,10154702,0
05/23/2008,22:00,273.48,276.50,268.90,272.31,8871446,0
05/27/2008,22:00,272.48,281.30,271.92,280.45,7737028,0
05/28/2008,22:00,283.97,285.74,280.55,284.12,8106292,0
05/29/2008,22:00,287.39,292.94,286.60,291.50,9694236,0
05/30/2008,22:00,291.73,294.96,290.65,292.90,6454978,0
06/02/2008,22:00,291.25,291.95,285.64,287.50,7349546,0
06/03/2008,22:00,288.25,290.25,280.30,283.65,8671940,0
06/04/2008,22:00,282.67,289.00,282.27,286.11,6728088,0
06/05/2008,22:00,288.54,294.02,288.11,293.15,7843238,0
06/06/2008,22:00,289.88,290.36,283.50,283.50,9470278,0
06/09/2008,22:00,284.03,285.00,272.70,278.93,10577006,0
06/10/2008,22:00,274.78,279.41,273.39,277.08,7316520,0
06/11/2008,22:00,278.12,278.67,272.23,272.60,7626292,0
06/12/2008,22:00,274.38,279.00,273.44,276.48,10993554,0
06/13/2008,22:00,280.74,287.85,280.67,285.76,12369846,0
06/16/2008,22:00,283.25,289.55,283.25,286.40,7088132,0
06/17/2008,22:00,288.17,289.04,284.19,284.73,6927076,0
06/18/2008,22:00,282.26,284.49,279.58,281.19,6778422,0
06/19/2008,22:00,277.67,281.89,275.40,280.10,11366810,0
06/20/2008,22:00,278.19,278.49,272.26,273.21,11968594,0
06/23/2008,22:00,272.68,276.58,271.01,272.61,7274060,0
06/24/2008,22:00,272.57,275.60,267.55,271.15,9345180,0
06/25/2008,22:00,272.48,277.48,271.83,276.11,4736846,0
06/26/2008,22:00,272.05,272.46,264.13,264.41,11321742,0
06/27/2008,22:00,263.84,265.00,257.55,264.04,10895450,0
06/30/2008,22:00,266.23,269.00,261.53,263.21,7531476,0
07/01/2008,22:00,259.79,268.36,258.50,267.36,9922372,0
07/02/2008,22:00,268.26,270.19,263.03,263.52,8451170,0
07/03/2008,22:00,265.44,269.61,263.75,268.50,4801372,0
07/07/2008,22:00,271.15,274.50,267.80,271.95,8520168,0
07/08/2008,22:00,272.99,277.60,270.00,277.27,9866656,0
07/09/2008,22:00,275.38,277.84,270.36,270.77,8308178,0
07/10/2008,22:00,272.14,274.75,265.36,270.29,8664328,0
07/11/2008,22:00,268.25,269.75,259.71,266.90,9963674,0
07/14/2008,22:00,269.50,270.03,257.73,260.81,8850110,0
07/15/2008,22:00,258.14,263.75,250.55,258.05,12143910,0
07/16/2008,22:00,258.05,268.25,255.30,267.80,9489390,0
07/17/2008,22:00,267.08,268.52,262.25,266.72,17598452,0
07/18/2008,22:00,249.18,249.49,239.10,240.66,22599246,0
07/21/2008,22:00,240.44,242.04,232.85,234.40,11822284,0
07/22/2008,22:00,233.36,240.13,232.80,238.55,9389658,0
07/23/2008,22:00,240.80,248.62,239.05,244.61,9797538,0
07/24/2008,22:00,248.35,248.43,237.81,237.81,7088258,0
07/25/2008,22:00,243.24,246.57,240.75,245.99,6369234,0
07/28/2008,22:00,246.04,246.04,237.57,238.56,6328426,0
07/29/2008,22:00,239.65,243.63,239.00,241.55,5606712,0
07/30/2008,22:00,242.75,243.01,236.40,241.35,6984152,0
07/31/2008,22:00,237.28,240.45,235.72,236.88,5730072,0
08/01/2008,22:00,236.26,236.61,231.25,233.93,6017164,0
08/04/2008,22:00,234.06,236.51,230.95,231.50,4973912,0
08/05/2008,22:00,233.79,240.04,233.16,239.93,7169242,0
08/06/2008,22:00,239.18,244.88,236.26,243.17,6751760,0
08/07/2008,22:00,241.00,242.00,238.21,239.56,5547452,0
08/08/2008,22:00,239.99,247.88,237.85,247.51,7478924,0
08/11/2008,22:00,246.24,254.44,245.89,250.42,8482734,0
08/12/2008,22:00,251.00,253.07,249.00,251.30,5511536,0
08/13/2008,22:00,250.80,251.77,246.94,250.01,7252098,0
08/14/2008,22:00,248.85,253.80,248.15,252.74,5837880,0
08/15/2008,22:00,253.49,255.33,252.75,255.07,7091228,0
08/18/2008,22:00,254.92,255.00,247.76,249.15,6672642,0
08/19/2008,22:00,245.26,249.14,243.32,245.25,6093338,0
08/20/2008,22:00,247.36,248.35,241.29,242.50,7969048,0
08/21/2008,22:00,241.46,244.95,239.63,243.26,7028584,0
08/22/2008,22:00,245.80,247.44,244.74,245.29,4594506,0
08/25/2008,22:00,243.05,248.50,240.75,241.51,4030504,0
08/26/2008,22:00,241.73,241.73,235.29,237.08,6617766,0
08/27/2008,22:00,236.87,237.41,232.42,234.29,8777792,0
08/28/2008,22:00,236.24,238.23,235.16,236.89,6059510,0
08/29/2008,22:00,234.88,235.51,231.16,231.65,7696596,0
09/02/2008,22:00,238.38,241.09,230.71,232.63,12241992,0
09/03/2008,22:00,234.37,237.14,229.79,232.21,8630914,0
09/04/2008,22:00,230.00,231.62,224.70,225.13,9774514,0
09/05/2008,22:00,222.74,226.23,220.04,222.13,9077150,0
09/08/2008,22:00,226.01,226.47,208.78,209.98,18043796,0
09/09/2008,22:00,211.59,216.19,207.50,209.33,14463340,0
09/10/2008,22:00,212.24,212.24,204.84,207.08,12455584,0
09/11/2008,22:00,204.18,217.54,203.19,216.88,12946178,0
09/12/2008,22:00,215.10,220.99,214.50,218.83,12057242,0
09/15/2008,22:00,212.00,220.99,211.85,216.93,13137442,0
09/16/2008,22:00,212.98,224.64,212.74,221.46,13984724,0
09/17/2008,22:00,219.24,219.57,206.72,207.24,18258598,0
09/18/2008,22:00,211.32,219.59,205.25,219.54,17184194,0
09/19/2008,22:00,230.50,231.04,221.64,224.57,20018452,0
09/22/2008,22:00,227.07,227.07,214.50,215.07,8818462,0
09/23/2008,22:00,216.63,220.40,212.86,214.63,10413288,0
09/24/2008,22:00,215.17,222.50,215.05,217.55,8485590,0
09/25/2008,22:00,219.32,225.00,217.99,219.80,10054034,0
09/26/2008,22:00,214.00,218.58,210.51,215.52,10585702,0
09/29/2008,22:00,209.76,211.76,190.35,190.50,21530674,0
09/30/2008,22:00,198.00,212.54,196.16,201.99,17649174,0
10/01/2008,22:00,205.37,208.49,201.55,205.86,12474346,0
10/02/2008,22:00,204.90,204.99,193.00,195.24,11977194,0
10/03/2008,22:00,198.68,206.25,191.54,193.46,16072214,0
10/06/2008,22:00,185.90,187.99,178.58,185.60,22445170,0
10/07/2008,22:00,186.66,187.49,172.68,173.01,22119906,0
10/08/2008,22:00,165.20,179.49,163.05,169.05,23657126,0
10/09/2008,22:00,172.25,174.28,160.84,164.49,16177642,0
10/10/2008,22:00,156.78,170.95,155.15,166.00,21201214,0
10/13/2008,22:00,177.90,190.98,172.88,190.51,17815402,0
10/14/2008,22:00,196.76,197.25,178.50,181.35,15749314,0
10/15/2008,22:00,177.32,179.50,169.41,169.59,13444294,0
10/16/2008,22:00,166.38,178.25,154.72,176.51,32585534,0
10/17/2008,22:00,189.48,193.00,181.77,186.27,28535762,0
10/20/2008,22:00,189.88,190.49,179.79,189.66,13514404,0
10/21/2008,22:00,186.20,191.89,181.00,181.38,11582300,0
10/22/2008,22:00,178.49,184.85,172.00,177.84,13128442,0
10/23/2008,22:00,176.82,179.00,168.99,176.16,12960890,0
10/24/2008,22:00,163.24,175.24,162.37,169.65,14718168,0
10/27/2008,22:00,167.40,171.50,162.80,164.74,12419270,0
10/28/2008,22:00,169.84,184.65,164.26,184.38,16214576,0
10/29/2008,22:00,182.90,185.50,176.18,179.00,19527374,0
10/30/2008,22:00,184.23,186.00,179.18,179.85,15987274,0
10/31/2008,22:00,178.08,185.98,177.13,179.68,14856152,0
11/03/2008,22:00,178.79,181.49,170.71,173.24,11911294,0
11/04/2008,22:00,176.72,186.18,172.75,183.47,14706348,0
11/05/2008,22:00,181.07,184.44,170.65,171.12,13899940,0
11/06/2008,22:00,169.99,172.21,162.90,165.61,17158984,0
11/07/2008,22:00,166.56,170.57,162.67,165.57,9382366,0
11/10/2008,22:00,164.00,164.72,154.74,159.39,16195514,0
11/11/2008,22:00,154.35,158.15,150.26,155.73,20297770,0
11/12/2008,22:00,151.02,156.24,143.88,145.50,20109106,0
11/13/2008,22:00,145.88,156.50,140.00,156.04,26480852,0
11/14/2008,22:00,151.63,162.49,151.28,155.01,19036932,0
11/17/2008,22:00,151.99,155.08,148.98,150.06,15088902,0
11/18/2008,22:00,150.79,151.87,142.68,148.71,16698182,0
11/19/2008,22:00,147.70,150.10,139.29,140.09,15684010,0
11/20/2008,22:00,137.23,141.47,129.52,129.78,19562382,0
11/21/2008,22:00,131.26,134.68,123.65,131.21,20492676,0
11/24/2008,22:00,134.63,134.98,124.50,128.72,20127704,0
11/25/2008,22:00,134.34,143.33,133.66,141.02,21551738,0
11/26/2008,22:00,140.14,147.73,138.10,146.04,12718758,0
11/28/2008,22:00,145.29,148.23,144.14,146.48,5132736,0
12/01/2008,22:00,143.34,143.69,132.99,132.99,11423128,0
12/02/2008,22:00,134.87,138.89,131.29,137.55,11684054,0
12/03/2008,22:00,134.93,140.68,132.67,139.71,11813832,0
12/04/2008,22:00,138.26,141.74,134.38,137.17,9775798,0
12/05/2008,22:00,135.51,142.12,132.01,141.99,13049046,0
12/08/2008,22:00,144.99,154.72,141.00,151.05,16292676,0
12/09/2008,22:00,148.85,159.00,148.51,152.99,13784166,0
12/10/2008,22:00,154.62,157.45,152.26,154.41,10479206,0
12/11/2008,22:00,152.09,156.44,148.90,150.11,12362582,0
12/12/2008,22:00,147.85,158.24,147.00,157.88,11445912,0
12/15/2008,22:00,157.01,159.24,152.55,155.34,13478312,0
12/16/2008,22:00,157.26,164.75,155.63,162.64,14401074,0
12/17/2008,22:00,159.32,161.07,156.21,157.62,11596260,0
12/18/2008,22:00,158.35,160.18,154.55,155.14,9528874,0
12/19/2008,22:00,155.49,158.90,154.50,155.09,11340680,0
12/22/2008,22:00,154.28,154.75,145.32,148.55,7838858,0
12/23/2008,22:00,150.21,151.65,148.34,149.01,7567580,0
12/24/2008,22:00,150.74,153.17,149.19,151.48,3843514,0
12/26/2008,22:00,152.04,152.63,149.15,150.18,3922730,0
12/29/2008,22:00,150.11,150.69,145.79,148.71,7404332,0
12/30/2008,22:00,150.40,153.40,149.35,151.55,7690942,0
12/31/2008,22:00,152.10,155.50,151.31,153.82,5774668,0
01/02/2009,22:00,154.30,160.91,152.75,160.66,7235436,0
01/05/2009,22:00,160.50,165.62,157.50,164.02,9782126,0
01/06/2009,22:00,166.49,170.40,163.20,167.03,12853690,0
01/07/2009,22:00,164.16,165.45,159.38,161.01,8990590,0
01/08/2009,22:00,159.14,162.60,158.67,162.60,7203632,0
01/09/2009,22:00,163.75,163.75,156.70,157.54,8682170,0
01/12/2009,22:00,158.15,159.48,155.12,156.35,6609926,0
01/13/2009,22:00,155.88,160.30,155.20,157.16,8867206,0
01/14/2009,22:00,155.00,156.90,148.88,150.49,11156234,0
01/15/2009,22:00,148.79,151.79,143.40,149.49,11875370,0
01/16/2009,22:00,152.51,154.13,147.85,149.84,10463466,0
01/20/2009,22:00,149.57,149.75,141.38,141.38,10101156,0
01/21/2009,22:00,144.18,151.75,144.18,151.54,9860130,0
01/22/2009,22:00,149.02,154.68,147.57,153.25,16538640,0
01/23/2009,22:00,154.63,165.98,152.11,162.35,21466490,0
01/26/2009,22:00,162.43,164.00,160.28,161.93,9223362,0
01/27/2009,22:00,163.23,166.93,162.13,165.74,9859088,0
01/28/2009,22:00,168.99,176.16,168.15,174.34,15386404,0
01/29/2009,22:00,172.27,172.52,170.05,171.66,14568684,0
01/30/2009,22:00,172.35,174.40,168.00,169.26,9414438,0
02/02/2009,22:00,167.15,172.50,166.00,170.29,10413830,0
02/03/2009,22:00,171.29,171.50,166.91,170.23,13126268,0
02/04/2009,22:00,170.04,177.22,169.59,171.50,13638212,0
02/05/2009,22:00,170.46,177.69,168.50,176.86,14530566,0
02/06/2009,22:00,178.13,186.90,177.72,185.64,14083594,0
02/09/2009,22:00,185.64,190.50,183.65,189.38,9967936,0
02/10/2009,22:00,187.99,188.75,178.95,179.26,14212062,0
02/11/2009,22:00,179.48,182.50,176.50,179.02,10464176,0
02/12/2009,22:00,176.82,181.81,175.74,181.52,11105440,0
02/13/2009,22:00,181.10,181.49,177.62,178.84,8386832,0
02/17/2009,22:00,173.26,173.54,169.85,171.33,11361464,0
02/18/2009,22:00,173.62,176.69,170.26,176.55,12052254,0
02/19/2009,22:00,178.74,179.90,170.71,171.32,9979106,0
02/20/2009,22:00,169.02,174.46,167.50,173.23,12436556,0
02/23/2009,22:00,173.50,174.90,164.77,165.03,10521212,0
02/24/2009,22:00,165.51,174.81,165.45,172.73,12203970,0
02/25/2009,22:00,171.07,176.15,169.46,170.82,12882152,0
02/26/2009,22:00,172.98,176.24,168.58,168.59,11216384,0
02/27/2009,22:00,166.48,171.91,165.55,168.99,10841784,0
03/02/2009,22:00,166.66,170.35,163.00,163.58,11579748,0
03/03/2009,22:00,165.04,166.85,161.18,162.74,13056122,0
03/04/2009,22:00,160.54,164.50,157.69,159.46,15640676,0
03/05/2009,22:00,158.24,159.54,151.32,152.82,13061462,0
03/06/2009,22:00,153.61,155.10,147.12,154.29,14476574,0
03/09/2009,22:00,149.99,153.29,144.73,145.45,13861374,0
03/10/2009,22:00,149.13,155.25,147.13,154.09,13463866,0
03/11/2009,22:00,155.05,160.00,152.85,158.96,11853756,0
03/12/2009,22:00,158.77,162.50,156.82,161.76,10052660,0
03/13/2009,22:00,163.05,163.73,159.52,162.21,7815418,0
03/16/2009,22:00,162.99,164.87,159.29,159.85,9894512,0
03/17/2009,22:00,160.09,167.67,159.54,167.67,9431972,0
03/18/2009,22:00,167.40,170.00,164.03,166.55,10027238,0
03/19/2009,22:00,165.84,168.00,163.69,164.97,8222952,0
03/20/2009,22:00,165.15,166.49,163.17,165.08,9478462,0
03/23/2009,22:00,166.78,174.73,166.51,174.30,8543370,0
03/24/2009,22:00,173.25,176.92,172.00,173.58,7642416,0
03/25/2009,22:00,175.20,175.67,168.13,172.04,8672634,0
03/26/2009,22:00,176.57,179.58,174.25,176.65,12007520,0
03/27/2009,22:00,175.00,176.00,172.74,173.85,6646104,0
03/30/2009,22:00,171.27,171.90,168.03,171.35,6190304,0
03/31/2009,22:00,174.47,176.76,173.09,174.03,7313542,0
04/01/2009,22:00,171.89,177.62,170.30,177.04,6603264,0
04/02/2009,22:00,181.65,184.88,180.16,181.25,8978284,0
04/03/2009,22:00,182.25,185.86,179.00,184.89,7579568,0
04/06/2009,22:00,183.50,184.91,180.70,184.12,6562920,0
04/07/2009,22:00,181.88,181.88,177.65,179.32,7361746,0
04/08/2009,22:00,181.75,182.50,178.10,181.00,5530804,0
04/09/2009,22:00,184.75,187.18,183.13,186.25,6766092,0
04/13/2009,22:00,185.66,189.55,185.15,189.05,6100162,0
04/14/2009,22:00,188.47,188.49,182.80,184.46,6858518,0
04/15/2009,22:00,183.35,190.53,182.08,189.75,9869306,0
04/16/2009,22:00,190.75,196.45,190.51,194.37,20346118,0
04/17/2009,22:00,193.01,199.91,192.40,196.12,21467226,0
04/20/2009,22:00,193.07,195.32,187.95,189.65,8858510,0
04/21/2009,22:00,188.09,192.15,188.05,190.74,7391402,0
04/22/2009,22:00,190.88,195.00,189.51,191.93,7004308,0
04/23/2009,22:00,193.76,194.88,190.55,192.35,5222034,0
04/24/2009,22:00,193.02,196.59,190.25,194.74,6771694,0
04/27/2009,22:00,192.17,194.74,191.38,192.98,4581550,0
04/28/2009,22:00,191.88,194.52,190.77,191.85,5887476,0
04/29/2009,22:00,192.99,197.49,192.91,195.74,7220120,0
04/30/2009,22:00,197.88,201.88,197.40,197.99,8718158,0
05/01/2009,22:00,197.51,198.79,195.77,196.85,4855862,0
05/04/2009,22:00,199.09,201.20,197.40,200.99,6408538,0
05/05/2009,22:00,199.99,202.50,198.63,201.49,4801792,0
05/06/2009,22:00,203.40,204.14,200.50,201.74,5267486,0
05/07/2009,22:00,202.05,202.49,196.25,198.30,6000728,0
05/08/2009,22:00,201.43,205.06,197.50,203.66,7730594,0
05/11/2009,22:00,201.40,206.00,200.60,203.99,5119912,0
05/12/2009,22:00,205.01,205.49,197.55,199.51,7590106,0
05/13/2009,22:00,197.07,198.20,194.18,194.77,5694346,0
05/14/2009,22:00,194.40,196.10,192.35,193.75,5874208,0
05/15/2009,22:00,195.55,197.05,194.55,195.00,6033444,0
05/18/2009,22:00,196.93,198.65,192.70,198.42,6703410,0
05/19/2009,22:00,198.05,200.82,196.50,199.44,5675046,0
05/20/2009,22:00,201.04,202.84,197.50,198.59,4568582,0
05/21/2009,22:00,198.15,201.42,196.92,198.25,5440600,0
05/22/2009,22:00,198.33,199.32,196.00,196.75,3439332,0
05/26/2009,22:00,195.97,202.50,195.00,202.18,6208952,0
05/27/2009,22:00,202.82,205.93,202.40,202.78,6071784,0
05/28/2009,22:00,204.34,205.81,202.30,205.20,5338186,0
05/29/2009,22:00,206.05,208.62,205.35,208.62,5297010,0
06/01/2009,22:00,209.37,214.80,209.26,213.28,6645856,0
06/02/2009,22:00,213.13,214.98,211.70,214.20,5249200,0
06/03/2009,22:00,213.00,216.23,212.00,215.82,7067982,0
06/04/2009,22:00,217.65,220.62,217.25,220.14,7277164,0
06/05/2009,22:00,222.54,223.67,219.73,222.16,7361604,0
06/08/2009,22:00,219.75,220.46,217.06,219.38,6197662,0
06/09/2009,22:00,219.29,220.25,215.88,217.81,6511890,0
06/10/2009,22:00,218.12,218.95,213.34,216.30,6717740,0
06/11/2009,22:00,215.88,216.87,214.18,214.50,5733376,0
06/12/2009,22:00,213.43,213.85,210.60,212.42,5836658,0
06/15/2009,22:00,210.75,210.75,207.00,208.38,7474202,0
06/16/2009,22:00,209.65,210.54,207.71,208.00,6100322,0
06/17/2009,22:00,208.10,209.86,205.78,207.58,6981244,0
06/18/2009,22:00,207.84,209.35,206.50,207.03,6174236,0
06/19/2009,22:00,209.10,210.23,207.29,210.04,8521916,0
06/22/2009,22:00,208.48,208.74,200.95,203.68,8248720,0
06/23/2009,22:00,203.32,204.49,201.27,202.84,5799020,0
06/24/2009,22:00,204.37,206.12,203.28,204.65,4915784,0
06/25/2009,22:00,203.50,207.95,203.26,207.88,6089758,0
06/26/2009,22:00,206.84,214.12,206.55,212.66,6514168,0
06/29/2009,22:00,213.00,213.90,211.12,212.07,4338556,0
06/30/2009,22:00,212.08,213.60,209.11,210.79,5188766,0
07/01/2009,22:00,212.10,213.20,209.07,209.49,4622646,0
07/02/2009,22:00,207.71,207.71,203.40,204.24,5035260,0
07/06/2009,22:00,203.25,205.32,200.83,204.80,4525114,0
07/07/2009,22:00,204.12,204.60,197.99,198.32,6519698,0
07/08/2009,22:00,200.00,203.00,199.03,201.24,6882688,0
07/09/2009,22:00,203.06,207.23,202.90,205.20,6551632,0
07/10/2009,22:00,204.79,208.68,204.35,207.20,5859118,0
07/13/2009,22:00,208.09,212.26,207.59,212.15,8095114,0
07/14/2009,22:00,211.85,213.37,210.43,212.35,5792922,0
07/15/2009,22:00,214.83,219.34,214.24,219.09,7558684,0
07/16/2009,22:00,218.34,222.88,217.05,221.30,13108824,0
07/17/2009,22:00,216.50,217.74,213.35,215.13,13709468,0
07/20/2009,22:00,214.94,216.42,213.13,215.09,6308004,0
07/21/2009,22:00,215.47,215.95,212.86,213.95,5938292,0
07/22/2009,22:00,214.00,215.10,211.75,213.85,5173920,0
07/23/2009,22:00,214.34,220.60,212.75,218.67,6958756,0
07/24/2009,22:00,217.90,225.24,217.50,223.36,7258908,0
07/27/2009,22:00,223.02,223.38,218.80,222.40,5010658,0
07/28/2009,22:00,220.50,221.40,218.05,219.93,5082104,0
07/29/2009,22:00,218.62,218.90,215.94,218.12,3974432,0
07/30/2009,22:00,221.30,225.74,221.30,222.82,6401094,0
07/31/2009,22:00,223.81,226.35,221.21,221.52,5723100,0
08/03/2009,22:00,224.37,226.95,223.82,226.10,5182346,0
08/04/2009,22:00,224.68,227.00,224.21,226.87,4780196,0
08/05/2009,22:00,228.00,228.46,223.94,225.57,4684454,0
08/06/2009,22:00,227.15,227.44,224.26,225.18,4222790,0
08/07/2009,22:00,227.84,229.71,227.49,228.55,5086784,0
08/10/2009,22:00,227.57,229.21,226.90,228.30,3483958,0
08/11/2009,22:00,226.84,228.62,226.19,226.97,3429226,0
08/12/2009,22:00,227.71,230.88,227.46,229.29,4683536,0
08/13/2009,22:00,231.07,232.36,229.46,231.14,3991280,0
08/14/2009,22:00,231.39,231.59,228.45,230.00,3353118,0
08/17/2009,22:00,225.39,225.99,221.56,222.45,5240608,0
08/18/2009,22:00,222.55,223.85,221.16,222.64,4726586,0
08/19/2009,22:00,219.99,222.50,219.28,221.99,4520182,0
08/20/2009,22:00,226.00,231.09,225.62,230.21,8004908,0
08/21/2009,22:00,232.77,233.04,231.32,232.62,7128734,0
08/24/2009,22:00,233.68,235.04,232.21,234.37,4918650,0
08/25/2009,22:00,234.57,237.18,234.36,235.68,4686060,0
08/26/2009,22:00,236.38,236.50,233.35,234.00,3976898,0
08/27/2009,22:00,234.29,234.29,230.37,233.03,4000000,0
08/28/2009,22:00,234.63,236.18,231.69,232.38,3543616,0
08/31/2009,22:00,229.90,230.93,229.00,230.84,3915910,0
09/01/2009,22:00,229.84,233.41,227.21,227.88,5190182,0
09/02/2009,22:00,227.91,229.16,226.29,226.51,3613036,0
09/03/2009,22:00,227.91,229.13,227.50,228.76,3292708,0
09/04/2009,22:00,228.79,231.30,227.89,230.65,3000150,0
09/08/2009,22:00,232.51,233.49,227.92,229.31,5313218,0
09/09/2009,22:00,229.53,233.13,229.40,231.99,4390992,0
09/10/2009,22:00,233.32,235.47,231.00,235.47,5070608,0
09/11/2009,22:00,235.20,236.65,233.82,236.07,3805622,0
09/14/2009,22:00,235.26,238.40,235.02,237.56,3955334,0
09/15/2009,22:00,237.54,239.46,236.35,238.77,4797214,0
09/16/2009,22:00,239.90,244.68,239.24,244.15,5174734,0
09/17/2009,22:00,245.29,248.68,243.57,245.86,8966894,0
09/18/2009,22:00,248.38,248.49,245.62,245.73,6568496,0
09/21/2009,22:00,243.87,249.45,243.11,248.50,4235134,0
09/22/2009,22:00,250.46,250.99,248.90,249.53,6083660,0
09/23/2009,22:00,250.39,253.50,248.85,249.23,5409370,0
09/24/2009,22:00,250.24,250.71,246.50,248.38,5057292,0
09/25/2009,22:00,247.96,249.96,246.00,246.24,4104028,0
09/28/2009,22:00,247.42,250.75,246.65,249.26,3686336,0
09/29/2009,22:00,249.76,249.88,246.51,249.26,4198758,0
09/30/2009,22:00,250.00,250.07,243.62,247.93,6283402,0
10/01/2009,22:00,246.50,248.24,243.50,243.60,5632468,0
10/02/2009,22:00,241.87,245.87,241.30,242.29,5201610,0
10/05/2009,22:00,243.82,246.21,241.67,244.26,4289304,0
10/06/2009,22:00,245.85,249.68,245.85,249.37,5465954,0
10/07/2009,22:00,249.50,259.49,248.90,258.77,9755366,0
10/08/2009,22:00,259.79,261.63,256.67,257.09,8613008,0
10/09/2009,22:00,258.33,260.76,257.25,258.13,5479784,0
10/12/2009,22:00,261.71,262.88,259.66,262.02,6648640,0
10/13/2009,22:00,262.20,263.73,260.69,263.05,6084484,0
10/14/2009,22:00,266.23,267.79,265.00,267.66,6530110,0
10/15/2009,22:00,266.88,268.45,263.64,264.95,12200706,0
10/16/2009,22:00,273.67,277.38,272.27,274.92,17691428,0
10/19/2009,22:00,276.35,276.80,274.36,276.05,6440334,0
10/20/2009,22:00,275.82,276.48,270.35,275.86,8088878,0
10/21/2009,22:00,274.95,279.67,274.50,275.55,7346336,0
10/22/2009,22:00,275.00,277.50,274.00,277.05,4674174,0
10/23/2009,22:00,277.63,278.95,275.60,276.85,4786382,0
10/26/2009,22:00,277.88,280.82,275.45,277.11,5947412,0
10/27/2009,22:00,275.48,277.28,272.08,274.14,6436066,0
10/28/2009,22:00,273.93,275.00,269.13,270.15,5137320,0
10/29/2009,22:00,271.51,275.92,270.50,275.52,5037524,0
10/30/2009,22:00,275.00,275.08,267.12,268.06,6939476,0
11/02/2009,22:00,268.54,269.73,264.12,266.99,6405750,0
11/03/2009,22:00,265.01,268.75,264.15,268.64,4765784,0
11/04/2009,22:00,270.40,272.75,268.21,270.17,4667258,0
11/05/2009,22:00,271.74,274.89,271.33,274.33,3696078,0
11/06/2009,22:00,273.86,275.89,272.75,275.55,3653410,0
11/09/2009,22:00,277.73,281.29,277.11,281.26,5302852,0
11/10/2009,22:00,281.36,284.39,281.00,283.38,4462952,0
11/11/2009,22:00,285.24,286.75,282.93,285.28,4643712,0
11/12/2009,22:00,284.78,286.45,282.75,283.92,3772790,0
11/13/2009,22:00,284.64,286.26,283.30,286.02,3336184,0
11/16/2009,22:00,287.50,288.49,286.39,288.14,4398272,0
11/17/2009,22:00,287.43,288.75,286.86,288.74,3841530,0
11/18/2009,22:00,288.33,289.39,286.04,288.33,3100254,0
11/19/2009,22:00,286.89,287.00,285.00,286.49,4336604,0
11/20/2009,22:00,284.75,285.80,284.70,284.98,4012404,0
11/23/2009,22:00,288.24,293.30,287.93,291.17,5097124,0
11/24/2009,22:00,291.25,292.14,288.27,291.55,3217296,0
11/25/2009,22:00,293.20,293.53,291.35,292.87,2922810,0
11/27/2009,22:00,286.00,291.23,285.48,289.88,2719666,0
11/30/2009,22:00,290.32,291.83,288.55,291.50,3450462,0
12/01/2009,22:00,294.07,295.61,293.50,294.93,4642546,0
12/02/2009,22:00,295.49,296.51,293.11,293.76,3330450,0
12/03/2009,22:00,294.52,295.73,292.50,292.87,2858798,0
12/04/2009,22:00,296.51,297.42,289.59,292.51,5028084,0
12/07/2009,22:00,292.11,294.35,290.50,293.13,3273174,0
12/08/2009,22:00,291.75,295.33,291.00,293.52,3051048,0
12/09/2009,22:00,293.75,294.67,291.79,294.51,3562576,0
12/10/2009,22:00,295.22,297.36,295.20,295.75,3339050,0
12/11/2009,22:00,297.34,297.38,293.86,295.26,3446756,0
12/14/2009,22:00,297.62,298.65,296.31,297.86,3827144,0
12/15/2009,22:00,296.65,298.19,295.49,296.57,4560680,0
12/16/2009,22:00,299.45,300.18,298.32,298.88,5619502,0
12/17/2009,22:00,298.22,298.82,296.88,296.97,5281524,0
12/18/2009,22:00,298.02,299.46,297.50,298.21,7065080,0
12/21/2009,22:00,298.98,299.92,297.83,299.34,5143962,0
12/22/2009,22:00,300.67,300.75,299.42,300.56,3768580,0
12/23/2009,22:00,301.75,306.43,301.42,305.84,4150622,0
12/24/2009,22:00,306.46,309.39,306.14,309.24,1701964,0
12/28/2009,22:00,310.83,312.99,309.24,311.43,3396030,0
12/29/2009,22:00,312.37,312.42,309.14,309.70,2855424,0
12/30/2009,22:00,309.25,311.36,309.01,311.36,2932758,0
12/31/2009,22:00,312.38,312.70,309.99,309.99,2440428,0
01/04/2010,22:00,313.48,314.76,312.12,313.38,3915926,0
01/05/2010,22:00,313.59,313.92,310.77,311.99,6015714,0
01/06/2010,22:00,312.93,312.93,303.18,304.13,7961256,0
01/07/2010,22:00,304.70,305.00,296.33,297.05,12836040,0
01/08/2010,22:00,296.00,301.63,294.55,301.01,9449470,0
01/11/2010,22:00,302.23,302.23,297.02,300.55,14433608,0
01/12/2010,22:00,299.04,299.08,294.00,295.24,9706498,0
01/13/2010,22:00,288.24,294.19,286.95,293.55,12998148,0
01/14/2010,22:00,291.95,297.10,291.40,294.92,8483140,0
01/15/2010,22:00,295.80,296.78,289.02,290.00,10899638,0
01/19/2010,22:00,290.74,295.21,288.14,293.81,8634286,0
01/20/2010,22:00,292.99,292.99,287.64,290.20,6506996,0
01/21/2010,22:00,291.72,293.41,286.13,291.49,12615268,0
01/22/2010,22:00,282.25,285.30,274.05,275.01,13615306,0
01/25/2010,22:00,273.30,274.94,267.76,270.00,8842024,0
01/26/2010,22:00,268.98,274.80,268.14,271.21,8713534,0
01/27/2010,22:00,270.10,273.83,267.65,271.05,7930934,0
01/28/2010,22:00,272.24,273.50,265.30,267.14,6462082,0
01/29/2010,22:00,269.24,270.49,262.80,264.97,8282392,0
02/01/2010,22:00,267.30,267.90,265.15,266.51,4506042,0
02/02/2010,22:00,267.48,267.48,263.80,265.56,8192610,0
02/03/2010,22:00,264.33,271.05,264.11,270.41,5999780,0
02/04/2010,22:00,268.50,269.00,262.78,263.39,6765464,0
02/05/2010,22:00,264.20,266.75,261.23,265.64,6314096,0
02/08/2010,22:00,266.25,271.00,265.77,266.73,5390824,0
02/09/2010,22:00,269.77,270.77,267.54,268.22,5657370,0
02/10/2010,22:00,267.04,268.89,263.85,267.22,5351588,0
02/11/2010,22:00,266.13,270.24,264.75,268.20,4822180,0
02/12/2010,22:00,266.48,268.58,265.25,266.56,4560942,0
02/16/2010,22:00,268.57,272.07,267.15,270.65,7309648,0
02/17/2010,22:00,271.00,271.70,268.80,269.10,4061360,0
02/18/2010,22:00,268.77,272.51,268.07,271.61,4678500,0
02/19/2010,22:00,270.50,272.02,269.85,270.38,5110696,0
02/22/2010,22:00,273.67,273.75,270.50,271.40,4289482,0
02/23/2010,22:00,271.50,271.82,266.14,267.54,5749580,0
02/24/2010,22:00,267.20,269.22,265.26,265.73,4653802,0
02/25/2010,22:00,263.56,264.24,260.00,263.21,6618746,0
02/26/2010,22:00,263.71,265.88,261.74,263.40,4098744,0
03/01/2010,22:00,264.60,266.64,263.87,266.35,4476668,0
03/02/2010,22:00,267.74,272.83,267.51,270.53,8714922,0
03/03/2010,22:00,271.18,274.06,269.63,272.66,6180248,0
03/04/2010,22:00,273.25,278.07,273.10,277.30,6368154,0
03/05/2010,22:00,280.67,283.83,279.95,282.11,7826728,0
03/08/2010,22:00,282.39,282.59,280.51,281.24,4773012,0
03/09/2010,22:00,279.92,282.33,278.25,280.10,6355176,0
03/10/2010,22:00,281.88,289.25,281.11,288.23,11318134,0
03/11/2010,22:00,287.13,293.11,287.10,290.57,8470452,0
03/12/2010,22:00,294.07,294.14,289.58,289.77,5512430,0
03/15/2010,22:00,283.34,284.73,278.00,281.59,9313140,0
03/16/2010,22:00,280.92,284.21,280.38,282.60,6865706,0
03/17/2010,22:00,284.15,285.72,282.13,282.78,6644994,0
03/18/2010,22:00,282.36,284.22,281.48,283.20,3554234,0
03/19/2010,22:00,283.11,284.00,278.64,280.00,9588256,0
03/22/2010,22:00,278.05,283.42,277.14,278.75,8010944,0
03/23/2010,22:00,278.52,279.16,271.00,274.50,11002566,0
03/24/2010,22:00,272.76,279.92,269.85,278.67,13138716,0
03/25/2010,22:00,279.51,286.00,279.33,281.44,7863328,0
03/26/2010,22:00,282.64,283.70,280.01,281.35,5392922,0
03/29/2010,22:00,281.50,282.36,280.29,281.23,6210360,0
03/30/2010,22:00,281.42,283.82,280.14,283.36,3975142,0
03/31/2010,22:00,282.52,284.87,281.40,283.56,6061738,0
04/01/2010,22:00,285.67,286.73,282.77,284.40,4205272,0
04/05/2010,22:00,285.45,287.44,284.50,285.51,3804126,0
04/06/2010,22:00,284.73,285.45,282.70,284.11,4120028,0
04/07/2010,22:00,283.65,284.38,280.93,281.77,5162032,0
04/08/2010,22:00,281.66,284.93,280.02,283.74,3903470,0
04/09/2010,22:00,284.00,284.39,282.00,283.11,4113670,0
04/12/2010,22:00,283.67,287.00,283.11,286.36,4707102,0
04/13/2010,22:00,286.27,294.44,285.57,293.39,7824524,0
04/14/2010,22:00,295.99,296.17,292.01,294.50,6807600,0
04/15/2010,22:00,296.08,298.92,294.14,297.65,13523416,0
04/16/2010,22:00,281.50,284.40,274.82,275.07,24478822,0
04/19/2010,22:00,274.38,276.99,272.50,275.05,7791544,0
04/20/2010,22:00,277.08,279.83,275.53,277.52,5958666,0
04/21/2010,22:00,278.23,280.13,276.08,277.15,4785496,0
04/22/2010,22:00,276.00,276.25,271.67,273.53,6567302,0
04/23/2010,22:00,273.63,274.66,271.14,272.49,4179764,0
04/26/2010,22:00,272.48,272.49,264.61,265.82,8747228,0
04/27/2010,22:00,264.47,269.17,263.62,264.53,7689454,0
04/28/2010,22:00,266.05,267.42,260.52,264.60,6818394,0
04/29/2010,22:00,266.68,268.25,263.33,266.00,6117630,0
04/30/2010,22:00,265.57,268.84,262.72,262.85,4880414,0
05/03/2010,22:00,263.25,266.46,262.54,265.30,3720634,0
05/04/2010,22:00,263.26,263.37,252.10,253.18,12157060,0
05/05/2010,22:00,250.49,257.86,250.24,254.88,9164240,0
05/06/2010,22:00,254.38,258.76,230.00,249.34,10000086,0
05/07/2010,22:00,249.99,252.66,240.66,246.57,10187504,0
05/10/2010,22:00,256.98,261.41,256.30,260.83,8255856,0
05/11/2010,22:00,257.83,259.94,254.11,254.52,6648634,0
05/12/2010,22:00,256.02,256.02,251.00,252.70,7704314,0
05/13/2010,22:00,258.25,261.00,255.18,255.44,6656292,0
05/14/2010,22:00,254.88,255.49,248.13,253.76,8247844,0
05/17/2010,22:00,253.39,254.18,249.18,253.99,5593068,0
05/18/2010,22:00,255.00,255.49,248.54,249.18,5660572,0
05/19/2010,22:00,248.13,249.72,243.87,247.21,6892738,0
05/20/2010,22:00,242.54,242.79,236.90,237.51,9835926,0
05/21/2010,22:00,234.53,242.50,232.20,236.02,19387074,0
05/24/2010,22:00,240.37,244.90,238.40,238.58,8700644,0
05/25/2010,22:00,234.08,238.73,232.01,238.54,6043816,0
05/26/2010,22:00,241.04,244.88,237.50,237.74,6968084,0
05/27/2010,22:00,242.43,246.15,240.52,245.23,5620094,0
05/28/2010,22:00,246.37,246.73,241.50,242.82,5831004,0
06/01/2010,22:00,240.21,245.53,240.06,241.18,5333994,0
06/02/2010,22:00,243.34,246.93,240.73,246.68,5081442,0
06/03/2010,22:00,247.55,254.00,247.35,252.80,7303794,0
06/04/2010,22:00,249.86,254.63,248.35,249.36,7847808,0
06/07/2010,22:00,249.53,250.45,241.57,242.76,7274072,0
06/08/2010,22:00,243.93,244.42,238.77,242.39,5370104,0
06/09/2010,22:00,243.63,244.44,236.00,237.01,5465462,0
06/10/2010,22:00,240.18,244.25,237.92,243.51,5171860,0
06/11/2010,22:00,241.25,244.35,240.81,244.25,3568636,0
06/14/2010,22:00,247.24,247.25,241.60,241.60,4081884,0
06/15/2010,22:00,241.76,250.20,241.09,248.99,8523122,0
06/16/2010,22:00,248.09,252.00,248.05,250.63,4583934,0
06/17/2010,22:00,251.73,252.93,248.35,250.04,3955788,0
06/18/2010,22:00,251.26,251.74,249.07,250.01,5757478,0
06/21/2010,22:00,249.95,250.48,242.45,244.28,5978688,0
06/22/2010,22:00,244.95,248.30,242.87,243.13,4439860,0
06/23/2010,22:00,243.45,243.45,239.08,241.02,4059300,0
06/24/2010,22:00,239.83,241.38,236.63,237.55,3787522,0
06/25/2010,22:00,238.53,238.82,235.28,236.34,4490578,0
06/28/2010,22:00,236.29,238.77,234.51,236.04,3525188,0
06/29/2010,22:00,231.72,232.27,225.56,227.13,7004216,0
06/30/2010,22:00,227.48,228.91,222.36,222.48,7207396,0
07/01/2010,22:00,222.65,224.20,216.82,219.74,7027754,0
07/02/2010,22:00,220.81,221.14,218.00,218.27,3872512,0
07/06/2010,22:00,222.00,223.83,216.82,218.04,5122852,0
07/07/2010,22:00,219.15,225.65,217.69,225.10,6263872,0
07/08/2010,22:00,226.77,228.66,224.83,228.28,5340980,0
07/09/2010,22:00,235.98,236.63,231.39,233.74,8665404,0
07/12/2010,22:00,236.18,239.72,235.54,237.91,6668822,0
07/13/2010,22:00,241.13,246.49,240.14,244.60,7952562,0
07/14/2010,22:00,244.94,246.91,243.23,245.67,6237068,0
07/15/2010,22:00,245.87,247.35,241.34,247.01,9717564,0
07/16/2010,22:00,234.56,235.28,229.76,229.80,15649442,0
07/19/2010,22:00,230.51,234.82,228.76,233.09,9098930,0
07/20/2010,22:00,230.51,241.49,230.30,240.79,8113664,0
07/21/2010,22:00,242.00,242.85,237.72,238.75,6570728,0
07/22/2010,22:00,241.62,244.49,241.24,242.40,4296974,0
07/23/2010,22:00,240.38,245.29,240.01,245.03,4534360,0
07/26/2010,22:00,244.54,245.37,242.44,244.49,3993382,0
07/27/2010,22:00,245.29,248.75,245.09,246.32,4903968,0
07/28/2010,22:00,247.47,247.63,241.34,242.18,5004894,0
07/29/2010,22:00,242.98,244.44,239.66,242.49,5350840,0
07/30/2010,22:00,239.82,243.68,239.57,242.43,4288984,0
08/02/2010,22:00,244.49,246.64,243.47,245.21,3734950,0
08/03/2010,22:00,245.25,246.23,243.38,244.91,3606370,0
08/04/2010,22:00,246.09,253.50,245.52,253.16,7628240,0
08/05/2010,22:00,252.95,254.30,251.78,254.05,4852920,0
08/06/2010,22:00,252.70,252.87,248.02,250.11,6643390,0
08/09/2010,22:00,251.13,252.75,250.68,252.68,3746418,0
08/10/2010,22:00,251.18,253.00,249.29,251.85,4151138,0
08/11/2010,22:00,248.87,249.00,245.75,245.87,4452006,0
08/12/2010,22:00,241.97,247.38,241.26,246.01,4410064,0
08/13/2010,22:00,244.50,245.60,243.01,243.18,3880094,0
08/16/2010,22:00,241.84,244.93,240.25,242.79,2613370,0
08/17/2010,22:00,244.26,247.35,243.01,245.26,3781292,0
08/18/2010,22:00,245.22,245.43,240.77,241.07,5372748,0
08/19/2010,22:00,240.51,241.26,233.63,233.99,7851026,0
08/20/2010,22:00,233.99,235.79,230.51,231.01,7846638,0
08/23/2010,22:00,230.75,234.13,228.87,232.04,5978318,0
08/24/2010,22:00,228.85,229.18,225.46,225.70,5527628,0
08/25/2010,22:00,225.00,228.90,225.00,227.31,5184208,0
08/26/2010,22:00,228.03,228.63,225.22,225.49,3563534,0
08/27/2010,22:00,226.28,229.99,223.82,229.41,4626294,0
08/30/2010,22:00,229.57,229.88,226.21,226.35,2472438,0
08/31/2010,22:00,225.05,227.43,224.00,225.01,3893996,0
09/01/2010,22:00,227.49,232.47,226.25,230.17,6475648,0
09/02/2010,22:00,231.42,232.21,230.15,231.59,3370768,0
09/03/2010,22:00,235.26,235.94,233.72,235.15,5091452,0
09/07/2010,22:00,232.25,233.79,231.51,232.20,3422670,0
09/08/2010,22:00,232.60,236.25,232.26,235.29,4818056,0
09/09/2010,22:00,238.91,240.20,235.29,238.09,4870598,0
09/10/2010,22:00,239.51,239.90,237.54,238.07,3948680,0
09/13/2010,22:00,240.45,242.18,239.76,241.13,4491300,0
09/14/2010,22:00,241.01,242.38,240.04,240.21,4437478,0
09/15/2010,22:00,239.98,240.95,239.25,240.32,4807090,0
09/16/2010,22:00,239.98,241.23,239.71,240.53,3945138,0
09/17/2010,22:00,241.88,245.60,240.59,245.07,11298896,0
09/20/2010,22:00,246.25,255.21,246.03,254.14,8826832,0
09/21/2010,22:00,254.84,259.99,254.46,256.73,8934454,0
09/22/2010,22:00,256.43,258.89,255.84,258.00,5075558,0
09/23/2010,22:00,257.30,259.84,255.65,256.74,4635288,0
09/24/2010,22:00,260.87,263.91,259.13,263.64,6726494,0
09/27/2010,22:00,264.42,268.42,264.42,265.20,6215244,0
09/28/2010,22:00,266.74,266.80,259.23,263.58,7309664,0
09/29/2010,22:00,263.92,266.47,262.36,263.85,4347756,0
09/30/2010,22:00,264.58,265.93,259.46,262.89,6489252,0
10/01/2010,22:00,265.00,265.31,261.50,262.81,4452224,0
10/04/2010,22:00,262.48,264.13,259.43,261.17,3880988,0
10/05/2010,22:00,264.19,270.00,263.27,269.11,7014604,0
10/06/2010,22:00,269.63,269.97,264.97,267.17,5533380,0
10/07/2010,22:00,268.11,268.60,264.57,265.01,4797820,0
10/08/2010,22:00,266.39,268.80,263.81,268.17,5726946,0
10/11/2010,22:00,269.24,272.30,268.58,269.42,5262620,0
10/12/2010,22:00,270.06,272.99,268.89,270.70,7514356,0
10/13/2010,22:00,273.50,273.75,271.17,271.65,6121672,0
10/14/2010,22:00,272.09,272.63,268.55,270.46,13268036,0
10/15/2010,22:00,299.64,300.82,295.80,300.73,29649444,0
10/18/2010,22:00,300.27,309.85,300.27,308.86,14218626,0
10/19/2010,22:00,304.42,307.41,301.43,303.92,9182356,0
10/20/2010,22:00,304.07,308.69,303.75,303.99,7053952,0
10/21/2010,22:00,305.76,308.00,303.00,305.99,5847254,0
10/22/2010,22:00,305.96,307.41,305.02,306.27,4513196,0
10/25/2010,22:00,307.79,312.37,307.48,308.25,6317400,0
10/26/2010,22:00,306.55,310.61,305.52,309.30,5027266,0
10/27/2010,22:00,307.89,310.00,306.17,308.23,4484828,0
10/28/2010,22:00,310.02,310.50,306.65,309.29,4374792,0
10/29/2010,22:00,308.54,309.50,306.49,306.85,4562558,0
11/01/2010,22:00,307.86,310.33,305.61,307.50,6176834,0
11/02/2010,22:00,309.33,310.00,307.29,307.80,3999548,0
11/03/2010,22:00,308.75,310.92,306.75,310.09,6764366,0
11/04/2010,22:00,312.32,314.96,311.05,312.14,7142346,0
11/05/2010,22:00,311.59,312.74,310.55,312.54,3533092,0
11/08/2010,22:00,312.01,314.74,311.57,313.39,4204524,0
11/09/2010,22:00,315.00,315.42,310.26,312.41,4480586,0
11/10/2010,22:00,311.04,311.50,308.76,311.44,4999656,0
11/11/2010,22:00,309.85,309.92,307.11,308.60,4524038,0
11/12/2010,22:00,306.99,308.45,300.60,301.64,6790418,0
11/15/2010,22:00,301.54,302.00,297.02,297.73,6960240,0
11/16/2010,22:00,296.38,298.95,291.73,291.86,6617330,0
11/17/2010,22:00,292.50,294.75,290.68,291.77,4884824,0
11/18/2010,22:00,294.50,299.99,294.28,298.28,5181752,0
11/19/2010,22:00,298.50,298.95,295.17,295.42,4597956,0
11/22/2010,22:00,293.73,296.72,291.38,295.61,4373022,0
11/23/2010,22:00,293.51,294.51,289.10,291.51,4333894,0
11/24/2010,22:00,293.65,298.30,293.52,297.48,4801726,0
11/26/2010,22:00,295.23,296.49,293.50,295.00,2622076,0
11/29/2010,22:00,294.58,294.90,289.98,291.05,5719906,0
11/30/2010,22:00,287.16,287.16,276.65,277.86,14234770,0
12/01/2010,22:00,281.50,285.79,281.20,282.17,7515218,0
12/02/2010,22:00,284.33,286.67,282.68,285.91,5101144,0
12/03/2010,22:00,284.73,288.24,284.00,286.50,5266252,0
12/06/2010,22:00,290.29,291.00,288.30,289.18,4191050,0
12/07/2010,22:00,295.64,296.50,293.00,293.57,6095758,0
12/08/2010,22:00,295.98,296.26,291.85,295.27,3514252,0
12/09/2010,22:00,296.94,297.79,294.50,295.75,3737944,0
12/10/2010,22:00,296.57,296.99,295.14,296.11,3410242,0
12/13/2010,22:00,298.56,301.50,297.05,297.31,4806884,0
12/14/2010,22:00,298.55,299.14,296.24,297.45,3286506,0
12/15/2010,22:00,297.10,298.23,294.58,295.15,4336262,0
12/16/2010,22:00,296.42,296.89,294.04,295.86,3193640,0
12/17/2010,22:00,295.50,296.28,293.83,295.40,6178656,0
12/20/2010,22:00,297.33,298.94,294.33,297.53,3947536,0
12/21/2010,22:00,299.29,302.36,298.81,301.54,3763376,0
12/22/2010,22:00,302.00,303.50,301.64,302.74,2415858,0
12/23/2010,22:00,302.67,303.00,301.02,302.11,2222384,0
12/27/2010,22:00,301.37,301.89,299.75,301.19,2416256,0
12/28/2010,22:00,301.02,301.93,299.01,299.46,2129492,0
12/29/2010,22:00,301.00,301.20,299.46,300.50,2039646,0
12/30/2010,22:00,299.00,300.67,298.70,299.43,1978958,0
12/31/2010,22:00,298.37,299.21,296.02,296.98,3082918,0
01/03/2011,22:00,298.24,302.80,298.24,302.17,4732572,0
01/04/2011,22:00,302.81,303.09,300.06,301.06,3650998,0
01/05/2011,22:00,300.04,305.17,300.02,304.54,5064450,0
01/06/2011,22:00,305.34,309.21,305.02,306.75,4116352,0
01/07/2011,22:00,307.95,309.13,305.07,308.22,4202540,0
01/10/2011,22:00,307.40,307.70,304.28,307.11,3162138,0
01/11/2011,22:00,308.86,309.40,307.25,308.01,2881982,0
01/12/2011,22:00,309.67,309.67,307.39,308.43,3265396,0
01/13/2011,22:00,308.48,309.83,307.08,308.35,2667894,0
01/14/2011,22:00,308.70,312.14,308.54,312.09,4740656,0
01/18/2011,22:00,313.03,320.99,312.64,319.82,7240126,0
01/19/2011,22:00,321.06,321.48,314.83,315.88,6825146,0
01/20/2011,22:00,316.11,317.04,311.64,313.39,10971466,0
01/21/2011,22:00,319.33,320.86,305.68,305.92,17808714,0
01/24/2011,22:00,303.79,306.24,300.61,305.54,9209994,0
01/25/2011,22:00,304.10,310.35,303.26,309.95,7295288,0
01/26/2011,22:00,310.17,311.24,307.64,308.25,4083492,0
01/27/2011,22:00,308.95,309.85,306.63,308.39,4038854,0
01/28/2011,22:00,309.54,310.18,299.88,300.49,8467924,0
01/31/2011,22:00,301.80,302.23,297.77,300.18,5620138,0
02/01/2011,22:00,302.24,306.68,301.56,305.52,5491724,0
02/02/2011,22:00,305.50,307.17,303.77,306.00,3521510,0
02/03/2011,22:00,304.74,305.73,303.07,305.08,2994948,0
02/04/2011,22:00,305.08,305.72,303.30,305.49,3105010,0
02/07/2011,22:00,305.08,309.20,304.61,307.15,3604034,0
02/08/2011,22:00,307.46,309.81,307.26,309.19,3392904,0
02/09/2011,22:00,308.43,309.73,306.17,308.25,3686788,0
02/10/2011,22:00,306.95,308.75,305.78,308.22,4672234,0
02/11/2011,22:00,306.89,312.50,306.50,312.25,5186780,0
02/14/2011,22:00,311.67,314.82,310.02,314.08,4263736,0
02/15/2011,22:00,313.66,315.05,311.55,312.08,4185228,0
02/16/2011,22:00,312.82,313.25,311.05,312.11,3373926,0
02/17/2011,22:00,310.63,313.63,310.14,312.63,2958350,0
02/18/2011,22:00,313.00,315.59,312.09,315.04,6435630,0
02/22/2011,22:00,310.02,312.46,303.89,305.11,7284416,0
02/23/2011,22:00,305.17,307.35,302.00,305.66,5783756,0
02/24/2011,22:00,305.70,306.55,300.67,304.41,5425918,0
02/25/2011,22:00,305.93,307.36,304.75,305.02,3871704,0
02/28/2011,22:00,305.00,308.24,304.01,306.70,4568672,0
03/01/2011,22:00,308.89,309.61,299.65,300.38,6647150,0
03/02/2011,22:00,299.90,303.00,297.60,300.39,4053866,0
03/03/2011,22:00,303.19,305.74,302.50,304.78,3898670,0
03/04/2011,22:00,304.17,304.49,300.10,300.31,6023084,0
03/07/2011,22:00,300.27,301.85,293.50,295.83,6923476,0
03/08/2011,22:00,296.46,298.99,295.10,296.15,4575542,0
03/09/2011,22:00,295.50,297.26,292.88,295.89,4301982,0
03/10/2011,22:00,292.72,293.31,289.73,290.15,6254422,0
03/11/2011,22:00,289.11,290.00,286.67,288.36,6058802,0
03/14/2011,22:00,286.40,289.14,284.01,284.99,5627938,0
03/15/2011,22:00,278.75,285.50,277.75,284.78,8012762,0
03/16/2011,22:00,284.01,284.89,275.64,278.55,7601424,0
03/17/2011,22:00,282.24,284.50,280.27,280.68,5799454,0
03/18/2011,22:00,282.32,283.99,279.87,280.53,6605700,0
03/21/2011,22:00,285.11,289.90,284.51,288.25,6044348,0
03/22/2011,22:00,288.64,289.61,286.26,288.66,3774370,0
03/23/2011,22:00,287.60,291.23,286.00,291.08,3632328,0
03/24/2011,22:00,292.71,294.20,289.40,293.45,4195956,0
03/25/2011,22:00,293.44,293.45,289.62,289.87,5718994,0
03/28/2011,22:00,291.04,292.49,287.36,287.68,4437820,0
03/29/2011,22:00,288.00,290.95,286.51,290.86,3210276,0
03/30/2011,22:00,292.19,292.75,290.29,290.92,2844950,0
03/31/2011,22:00,291.50,294.08,290.87,293.38,4062770,0
04/01/2011,22:00,294.38,297.60,294.38,295.90,5226532,0
04/04/2011,22:00,296.50,297.37,291.55,293.84,4109634,0
04/05/2011,22:00,290.54,290.74,282.84,284.55,12096374,0
04/06/2011,22:00,286.09,287.58,284.00,287.09,5336770,0
04/07/2011,22:00,287.86,290.32,287.10,290.00,5063950,0
04/08/2011,22:00,292.44,292.45,289.03,289.08,3805162,0
04/11/2011,22:00,288.10,289.05,286.50,288.68,3716764,0
04/12/2011,22:00,287.50,288.46,284.02,285.30,4171532,0
04/13/2011,22:00,287.76,288.80,285.88,288.14,4143292,0
04/14/2011,22:00,287.60,289.73,286.05,289.26,10912578,0
04/15/2011,22:00,272.64,272.88,265.03,265.35,28100026,0
04/18/2011,22:00,263.21,263.83,259.50,263.42,10082178,0
04/19/2011,22:00,264.98,265.44,260.45,260.77,5370790,0
04/20/2011,22:00,262.95,263.41,260.70,262.86,6118320,0
04/21/2011,22:00,263.74,264.14,261.20,262.55,4942112,0
04/25/2011,22:00,262.63,263.50,261.01,262.52,3259866,0
04/26/2011,22:00,263.26,268.72,262.61,266.41,7061182,0
04/27/2011,22:00,269.00,269.05,267.17,268.88,4595680,0
04/28/2011,22:00,269.03,269.62,267.04,268.98,4074756,0
04/29/2011,22:00,270.00,272.05,269.26,272.05,8456934,0
05/02/2011,22:00,272.85,272.86,268.56,269.28,4267944,0
05/03/2011,22:00,268.57,271.01,264.82,266.95,4163148,0
05/04/2011,22:00,267.58,269.50,266.51,267.89,4233910,0
05/05/2011,22:00,266.93,269.71,265.75,267.14,3994108,0
05/06/2011,22:00,269.08,270.73,267.59,267.65,4112372,0
05/09/2011,22:00,267.50,269.24,265.55,268.84,3894838,0
05/10/2011,22:00,270.00,272.21,268.77,271.33,4082710,0
05/11/2011,22:00,270.07,271.77,266.85,267.73,4677750,0
05/12/2011,22:00,267.62,268.47,265.45,267.52,2896406,0
05/13/2011,22:00,267.30,267.96,264.52,264.77,4215282,0
05/16/2011,22:00,263.15,263.64,258.20,259.21,5913108,0
05/17/2011,22:00,257.71,265.61,257.52,265.23,6609748,0
05/18/2011,22:00,264.77,265.17,262.85,264.90,3908586,0
05/19/2011,22:00,266.36,268.27,264.86,265.63,4942272,0
05/20/2011,22:00,265.90,265.99,261.57,262.02,4637746,0
05/23/2011,22:00,258.30,260.00,256.70,259.20,4505276,0
05/24/2011,22:00,260.18,261.98,259.08,259.13,3777076,0
05/25/2011,22:00,258.67,261.39,258.63,259.83,2603134,0
05/26/2011,22:00,258.85,261.06,257.50,259.07,4237962,0
05/27/2011,22:00,259.24,260.89,258.15,260.45,3492792,0
05/31/2011,22:00,262.50,264.52,261.75,264.51,5375716,0
06/01/2011,22:00,264.02,266.60,262.65,262.80,5914344,0
06/02/2011,22:00,263.79,265.15,261.24,264.03,4408844,0
06/03/2011,22:00,261.00,263.80,260.75,261.54,3496924,0
06/06/2011,22:00,261.77,263.41,259.63,260.53,3884176,0
06/07/2011,22:00,261.45,262.32,259.49,259.52,3815018,0
06/08/2011,22:00,258.27,260.62,257.89,259.58,3308194,0
06/09/2011,22:00,260.00,260.00,257.82,258.36,3378172,0
06/10/2011,22:00,257.04,258.35,254.65,254.75,4880950,0
06/13/2011,22:00,255.00,255.10,251.09,252.37,4854416,0
06/14/2011,22:00,254.07,257.04,253.49,254.18,4682922,0
06/15/2011,22:00,252.51,254.18,250.30,251.48,4146602,0
06/16/2011,22:00,251.40,253.29,248.34,250.18,5514432,0
06/17/2011,22:00,253.09,253.35,242.40,242.51,10503092,0
06/20/2011,22:00,242.50,243.12,239.62,242.29,6057278,0
06/21/2011,22:00,243.60,246.97,242.37,246.50,5530714,0
06/22/2011,22:00,245.73,246.18,243.37,243.50,4815944,0
06/23/2011,22:00,241.07,241.43,236.87,240.11,9604604,0
06/24/2011,22:00,240.34,240.38,236.51,237.44,7613174,0
06/27/2011,22:00,237.00,244.20,236.80,241.40,6889266,0
06/28/2011,22:00,242.01,248.10,242.01,246.82,5434728,0
06/29/2011,22:00,248.27,250.13,246.19,248.79,4685840,0
06/30/2011,22:00,250.99,253.34,250.75,253.19,4857020,0
07/01/2011,22:00,253.37,260.59,253.19,260.51,7273284,0
07/05/2011,22:00,262.65,267.70,262.65,266.22,7694702,0
07/06/2011,22:00,266.75,269.26,266.52,267.68,5391362,0
07/07/2011,22:00,270.50,275.34,267.94,273.30,7871320,0
07/08/2011,22:00,266.48,268.83,263.64,265.99,9540340,0
07/11/2011,22:00,264.09,267.99,262.75,263.64,5679992,0
07/12/2011,22:00,264.08,269.71,263.00,267.01,5683064,0
07/13/2011,22:00,268.50,272.00,268.24,269.13,5581542,0
07/14/2011,22:00,269.56,271.00,263.36,264.47,13298820,0
07/15/2011,22:00,298.75,300.13,294.08,298.81,27471966,0
07/18/2011,22:00,296.24,301.02,296.00,297.47,8938450,0
07/19/2011,22:00,298.07,302.34,297.77,301.27,5935632,0
07/20/2011,22:00,301.09,301.42,297.67,297.67,4458046,0
07/21/2011,22:00,297.02,304.03,297.01,303.49,6939700,0
07/22/2011,22:00,302.70,309.75,302.14,309.11,7063244,0
07/25/2011,22:00,306.68,312.70,306.50,309.49,6263904,0
07/26/2011,22:00,309.02,313.75,308.61,311.26,4686740,0
07/27/2011,22:00,308.59,310.48,302.38,303.61,7869780,0
07/28/2011,22:00,302.60,307.99,301.50,305.47,6218230,0
07/29/2011,22:00,302.11,307.48,301.85,301.85,8276202,0
08/01/2011,22:00,305.61,307.75,299.59,303.39,7936624,0
08/02/2011,22:00,303.00,304.83,295.79,296.20,6402606,0
08/03/2011,22:00,297.14,301.50,291.81,300.58,7651820,0
08/04/2011,22:00,297.25,299.42,288.73,288.76,9832864,0
08/05/2011,22:00,291.27,295.00,281.00,289.52,11861560,0
08/08/2011,22:00,281.49,284.50,272.17,273.01,14995402,0
08/09/2011,22:00,280.50,287.30,270.51,286.70,12940950,0
08/10/2011,22:00,280.69,282.06,273.86,274.51,10747394,0
08/11/2011,22:00,276.91,284.25,274.20,281.07,9664238,0
08/12/2011,22:00,284.75,285.25,280.20,281.89,6310752,0
08/15/2011,22:00,276.71,282.49,273.02,278.61,14290040,0
08/16/2011,22:00,276.21,276.22,265.15,269.50,13881006,0
08/17/2011,22:00,270.02,271.85,265.39,266.58,8158202,0
08/18/2011,22:00,261.73,262.45,250.24,252.44,12582736,0
08/19/2011,22:00,249.67,257.43,245.43,245.46,10823172,0
08/22/2011,22:00,252.00,253.50,247.26,249.09,9814350,0
08/23/2011,22:00,251.75,260.70,249.53,259.41,8695646,0
08/24/2011,22:00,259.67,265.00,258.61,261.64,7196528,0
08/25/2011,22:00,265.19,268.64,259.15,260.02,6594594,0
08/26/2011,22:00,259.99,265.23,256.57,263.43,7194618,0
08/29/2011,22:00,267.28,269.73,266.78,269.54,4676212,0
08/30/2011,22:00,269.10,271.49,265.40,270.35,5980352,0
08/31/2011,22:00,272.37,273.15,268.00,270.48,5386780,0
09/01/2011,22:00,270.38,271.92,265.61,266.25,4831214,0
09/02/2011,22:00,262.23,263.96,260.36,262.42,4810274,0
09/06/2011,22:00,255.40,261.38,255.25,261.09,5431954,0
09/07/2011,22:00,265.23,267.97,263.70,267.02,5517090,0
09/08/2011,22:00,266.90,269.55,265.95,267.48,4762050,0
09/09/2011,22:00,265.70,267.33,260.60,262.42,6538138,0
09/12/2011,22:00,258.98,265.99,258.75,265.06,5340942,0
09/13/2011,22:00,266.00,266.94,261.70,264.76,4708300,0
09/14/2011,22:00,266.30,268.48,262.91,266.04,5389478,0
09/15/2011,22:00,267.75,272.49,267.28,271.28,5923934,0
09/16/2011,22:00,272.40,273.42,271.57,273.34,7069558,0
09/19/2011,22:00,270.17,274.95,267.69,273.33,4942380,0
09/20/2011,22:00,274.70,279.26,271.33,273.31,5558156,0
09/21/2011,22:00,273.85,277.50,269.43,269.60,5032276,0
09/22/2011,22:00,263.13,264.39,257.00,260.33,8801172,0
09/23/2011,22:00,258.28,263.21,257.25,262.76,5557740,0
09/26/2011,22:00,263.63,266.46,256.63,265.95,5268468,0
09/27/2011,22:00,269.10,273.52,268.02,269.67,6021850,0
09/28/2011,22:00,270.75,272.01,263.85,264.42,4526806,0
09/29/2011,22:00,268.02,268.65,259.70,263.75,5814762,0
09/30/2011,22:00,260.11,262.00,257.19,257.52,5449816,0
10/03/2011,22:00,254.93,256.00,247.50,247.76,8947726,0
10/04/2011,22:00,245.01,251.72,240.30,250.95,8318260,0
10/05/2011,22:00,248.18,253.90,240.38,252.35,9069504,0
10/06/2011,22:00,253.75,257.61,251.30,257.36,6849246,0
10/07/2011,22:00,258.42,260.25,255.15,257.56,5712094,0
10/10/2011,22:00,262.59,268.73,261.60,268.58,4645806,0
10/11/2011,22:00,266.73,273.40,266.73,271.59,5707554,0
10/12/2011,22:00,274.07,277.61,272.32,274.25,6356088,0
10/13/2011,22:00,275.02,279.50,274.01,279.49,11375024,0
10/14/2011,22:00,299.73,299.80,293.79,295.84,17064484,0
10/17/2011,22:00,291.86,295.92,289.00,291.20,8016604,0
10/18/2011,22:00,290.10,296.28,288.70,295.26,7604986,0
10/19/2011,22:00,293.67,296.03,289.61,290.35,5863608,0
10/20/2011,22:00,290.95,294.45,289.76,291.83,6758138,0
10/21/2011,22:00,294.76,296.38,293.35,295.24,6788466,0
10/24/2011,22:00,293.36,299.98,293.25,298.21,6855096,0
10/25/2011,22:00,296.55,297.50,291.42,291.58,5080890,0
10/26/2011,22:00,294.77,295.09,286.43,293.15,5747380,0
10/27/2011,22:00,299.21,301.35,296.65,299.33,7561444,0
10/28/2011,22:00,297.26,301.15,297.13,300.07,5016294,0
10/31/2011,22:00,297.55,299.85,295.83,296.32,5115476,0
11/01/2011,22:00,290.05,292.76,288.38,289.33,6250398,0
11/02/2011,22:00,292.45,293.98,290.24,292.41,4243798,0
11/03/2011,22:00,293.50,298.75,291.86,298.75,5339490,0
11/04/2011,22:00,296.75,299.87,296.21,298.07,5670758,0
11/07/2011,22:00,296.66,304.39,296.11,304.17,6717734,0
11/08/2011,22:00,304.50,307.18,301.80,306.17,6058766,0
11/09/2011,22:00,302.13,304.70,299.33,300.48,7422124,0
11/10/2011,22:00,302.97,302.97,295.78,297.54,5737198,0
11/11/2011,22:00,300.65,306.05,299.30,304.17,7954640,0
11/14/2011,22:00,304.00,309.04,303.89,306.50,6377864,0
11/15/2011,22:00,306.40,309.04,305.25,308.28,5351922,0
11/16/2011,22:00,306.04,309.15,305.30,305.73,5220560,0
11/17/2011,22:00,305.02,306.14,298.39,300.43,6986944,0
11/18/2011,22:00,301.00,302.25,296.88,297.44,6575236,0
11/21/2011,22:00,293.88,294.25,286.05,290.47,6003332,0
11/22/2011,22:00,290.00,292.48,287.62,290.00,4811158,0
11/23/2011,22:00,287.67,290.13,285.05,285.05,4651972,0
11/25/2011,22:00,282.60,287.14,280.67,280.68,2725392,0
11/28/2011,22:00,289.68,294.41,288.25,294.10,5657934,0
11/29/2011,22:00,293.94,295.18,290.67,291.46,3665238,0
11/30/2011,22:00,298.98,299.76,296.05,299.70,6794558,0
12/01/2011,22:00,300.00,308.00,299.50,306.89,7242586,0
12/02/2011,22:00,308.52,312.00,308.13,310.18,8171930,0
12/05/2011,22:00,313.82,315.95,311.20,312.83,6396052,0
12/06/2011,22:00,311.49,314.31,310.12,311.89,4653036,0
12/07/2011,22:00,310.84,312.83,309.05,311.70,4515960,0
12/08/2011,22:00,310.52,313.73,307.65,308.02,4828800,0
12/09/2011,22:00,309.00,314.57,308.51,313.71,5537006,0
12/12/2011,22:00,310.94,313.09,310.14,312.70,4370468,0
12/13/2011,22:00,314.38,318.28,311.42,312.82,8057276,0
12/14/2011,22:00,310.92,312.16,306.24,309.04,7809764,0
12/15/2011,22:00,311.26,312.00,309.35,309.77,4819570,0
12/16/2011,22:00,312.16,314.66,310.73,312.98,8919564,0
12/19/2011,22:00,314.01,314.25,310.00,310.92,4288378,0
12/20/2011,22:00,314.00,315.92,313.99,315.18,4776368,0
12/21/2011,22:00,315.01,315.91,309.48,312.91,4996308,0
12/22/2011,22:00,313.98,315.86,313.51,314.85,3648312,0
12/23/2011,22:00,316.00,317.34,315.28,316.57,2907446,0
12/27/2011,22:00,316.02,322.24,316.00,320.13,3218104,0
12/28/2011,22:00,321.38,322.50,319.05,319.85,4254260,0
12/29/2011,22:00,320.74,321.50,317.60,321.20,3151190,0
12/30/2011,22:00,321.01,323.38,321.01,322.95,3565718,0
01/03/2012,22:00,326.47,334.08,326.18,332.70,7355700,0
01/04/2012,22:00,332.52,335.13,330.31,334.14,5728730,0
01/05/2012,22:00,331.07,331.98,328.11,329.51,6566554,0
01/06/2012,22:00,329.58,330.00,324.89,325.01,5388048,0
01/09/2012,22:00,323.25,323.50,310.61,311.23,11651440,0
01/10/2012,22:00,314.88,316.90,308.45,311.57,8791230,0
01/11/2012,22:00,311.75,314.70,310.56,312.98,4801164,0
01/12/2012,22:00,315.61,316.45,313.25,314.82,3751708,0
01/13/2012,22:00,313.13,313.48,310.53,312.49,4614676,0
01/17/2012,22:00,315.99,315.99,312.84,314.29,3818788,0
01/18/2012,22:00,313.32,317.00,311.06,316.45,5526380,0
01/19/2012,22:00,320.49,320.49,315.73,319.79,12610548,0
01/20/2012,22:00,295.27,295.50,290.85,292.99,21153548,0
01/23/2012,22:00,293.00,294.33,291.58,292.76,6826080,0
01/24/2012,22:00,293.16,293.84,289.00,290.46,6112782,0
01/25/2012,22:00,288.76,289.36,283.19,284.74,9976392,0
01/26/2012,22:00,285.99,287.24,282.27,284.05,6456008,0
01/27/2012,22:00,285.39,290.16,284.67,289.99,7237630,0
01/30/2012,22:00,289.02,290.00,286.70,288.85,4661934,0
01/31/2012,22:00,291.50,292.00,287.58,290.05,4285432,0
02/01/2012,22:00,292.47,292.75,289.57,290.42,4641900,0
02/02/2012,22:00,292.43,293.20,291.04,292.55,4829344,0
02/03/2012,22:00,295.33,298.54,294.02,298.17,6338520,0
02/06/2012,22:00,297.51,305.42,297.01,304.55,7359510,0
02/07/2012,22:00,303.58,304.70,301.88,303.39,4184070,0
02/08/2012,22:00,304.32,305.67,302.37,304.92,3673926,0
02/09/2012,22:00,306.01,307.25,304.50,305.73,4530866,0
02/10/2012,22:00,303.94,304.07,302.00,302.95,4650886,0
02/13/2012,22:00,305.25,306.92,305.01,306.10,3633102,0
02/14/2012,22:00,305.77,306.00,302.38,304.88,3607702,0
02/15/2012,22:00,306.46,306.46,301.28,302.78,4853920,0
02/16/2012,22:00,301.41,304.40,298.86,303.26,5061722,0
02/17/2012,22:00,302.48,303.82,301.20,302.32,4898458,0
02/21/2012,22:00,301.93,308.94,301.44,307.00,4962220,0
02/22/2012,22:00,305.98,308.39,303.36,303.97,3935710,0
02/23/2012,22:00,303.50,303.97,300.17,303.05,4110060,0
02/24/2012,22:00,303.67,305.83,302.76,304.95,3874148,0
02/27/2012,22:00,303.30,306.18,302.53,304.65,3629236,0
02/28/2012,22:00,305.00,309.89,303.84,309.20,5695594,0
02/29/2012,22:00,309.30,312.80,307.75,309.13,6273674,0
03/01/2012,22:00,311.13,312.85,309.08,311.20,4476020,0
03/02/2012,22:00,311.00,312.00,310.16,310.63,3146428,0
03/05/2012,22:00,310.21,311.24,305.69,307.13,3186500,0
03/06/2012,22:00,304.02,304.40,296.92,302.48,6350432,0
03/07/2012,22:00,304.52,305.59,302.93,303.40,2529784,0
03/08/2012,22:00,305.02,305.75,303.17,303.57,2690856,0
03/09/2012,22:00,303.98,305.95,300.00,300.13,5343048,0
03/12/2012,22:00,300.00,303.50,299.63,302.58,3338752,0
03/13/2012,22:00,304.38,308.92,302.78,308.89,4494708,0
03/14/2012,22:00,307.50,311.39,306.73,307.99,5873714,0
03/15/2012,22:00,308.30,311.75,307.42,310.57,4870680,0
03/16/2012,22:00,310.45,312.95,310.02,312.52,6100914,0
03/19/2012,22:00,311.56,318.64,310.62,316.99,4345942,0
03/20/2012,22:00,315.46,318.03,313.64,316.74,3081556,0
03/21/2012,22:00,317.30,323.70,316.26,319.99,4939274,0
03/22/2012,22:00,319.25,324.40,315.50,323.02,4820640,0
03/23/2012,22:00,323.30,324.25,320.45,321.30,3880670,0
03/26/2012,22:00,322.50,324.74,319.77,324.67,3642934,0
03/27/2012,22:00,323.52,326.75,322.40,323.51,4017608,0
03/28/2012,22:00,326.02,329.29,325.54,327.88,5077616,0
03/29/2012,22:00,326.72,328.30,322.15,324.20,3848630,0
03/30/2012,22:00,325.88,326.74,320.50,320.62,4624490,0
04/02/2012,22:00,320.39,323.75,317.42,323.46,4568676,0
04/03/2012,22:00,322.70,323.98,319.32,321.31,4089714,0
04/04/2012,22:00,319.23,319.50,315.55,317.58,3256544,0
04/05/2012,22:00,316.12,318.21,314.29,316.16,4639424,0
04/09/2012,22:00,314.24,317.67,312.64,315.42,4367070,0
04/10/2012,22:00,316.76,317.25,312.27,313.43,4970156,0
04/11/2012,22:00,316.98,318.00,315.65,317.98,4400536,0
04/12/2012,22:00,321.17,326.57,320.13,325.51,11513164,0
04/13/2012,22:00,323.77,324.49,311.77,312.30,16326024,0
04/16/2012,22:00,311.50,311.90,300.83,303.04,11386916,0
04/17/2012,22:00,304.28,308.85,303.51,304.79,6048828,0
04/18/2012,22:00,304.02,306.40,301.40,303.73,5340760,0
04/19/2012,22:00,302.85,308.13,299.50,299.65,6591574,0
04/20/2012,22:00,302.13,304.42,297.92,298.03,6117922,0
04/23/2012,22:00,296.45,299.23,295.10,298.80,4395866,0
04/24/2012,22:00,299.12,303.32,298.66,300.64,3866606,0
04/25/2012,22:00,302.00,305.67,301.44,304.86,3642084,0
04/26/2012,22:00,305.45,309.00,304.85,307.73,4187466,0
04/27/2012,22:00,307.51,308.37,305.30,307.49,3272798,0
04/30/2012,22:00,306.49,308.04,300.30,302.42,4814426,0
05/01/2012,22:00,301.89,305.80,300.10,302.21,4004848,0
05/02/2012,22:00,300.60,304.05,300.30,303.63,3222868,0
05/03/2012,22:00,304.81,307.42,304.48,305.51,3736374,0
05/04/2012,22:00,302.96,303.94,298.40,298.48,4414720,0
05/07/2012,22:00,297.50,305.29,297.50,303.77,3989030,0
05/08/2012,22:00,302.77,308.45,300.35,306.39,5356970,0
05/09/2012,22:00,303.41,308.19,300.90,304.58,4659092,0
05/10/2012,22:00,306.48,308.10,305.11,306.83,3071754,0
05/11/2012,22:00,305.17,307.27,302.39,302.61,4199452,0
05/14/2012,22:00,300.39,304.25,300.29,302.00,3649466,0
05/15/2012,22:00,302.67,307.50,301.88,305.55,4204678,0
05/16/2012,22:00,308.98,315.05,307.97,314.46,9674848,0
05/17/2012,22:00,316.92,318.92,310.61,311.52,6709036,0
05/18/2012,22:00,312.55,316.21,298.35,300.20,11952258,0
05/21/2012,22:00,300.26,307.85,300.00,307.05,6151658,0
05/22/2012,22:00,306.72,306.90,298.00,300.40,6105496,0
05/23/2012,22:00,300.83,304.80,298.56,304.73,6356032,0
05/24/2012,22:00,304.58,305.96,299.43,301.83,3784370,0
05/25/2012,22:00,300.50,300.86,294.14,295.77,7164944,0
05/29/2012,22:00,297.90,299.57,294.16,297.17,5213302,0
05/30/2012,22:00,294.08,295.95,291.77,294.11,3813258,0
05/31/2012,22:00,294.36,295.00,289.50,290.43,5938910,0
06/01/2012,22:00,285.89,286.33,284.17,285.49,6116628,0
06/04/2012,22:00,285.11,290.24,285.01,289.30,4867572,0
06/05/2012,22:00,287.73,289.07,283.23,285.20,4680954,0
06/06/2012,22:00,288.24,290.98,286.80,290.29,4192346,0
06/07/2012,22:00,293.80,293.95,288.63,289.11,3519064,0
06/08/2012,22:00,287.92,290.50,287.29,290.23,2820732,0
06/11/2012,22:00,292.11,292.66,283.35,284.25,5324538,0
06/12/2012,22:00,284.89,285.15,279.29,282.55,6448284,0
06/13/2012,22:00,280.86,283.50,279.34,280.55,3909214,0
06/14/2012,22:00,280.65,282.54,278.26,279.52,4690214,0
06/15/2012,22:00,280.17,282.26,278.55,282.26,6005022,0
06/18/2012,22:00,281.31,287.11,279.63,285.42,4995728,0
06/19/2012,22:00,287.07,292.14,286.56,290.77,4153258,0
06/20/2012,22:00,289.90,290.00,286.76,288.76,4693396,0
06/21/2012,22:00,289.92,289.92,281.86,282.61,4022644,0
06/22/2012,22:00,284.00,285.74,282.91,285.74,4458250,0
06/25/2012,22:00,283.67,284.05,278.67,280.35,3164072,0
06/26/2012,22:00,281.38,283.30,279.74,282.34,2702302,0
06/27/2012,22:00,283.85,286.99,283.01,284.65,3384892,0
06/28/2012,22:00,282.95,283.11,278.61,282.15,3844128,0
06/29/2012,22:00,287.48,290.07,286.10,290.04,5045124,0
07/02/2012,22:00,290.91,291.50,288.25,290.23,3311126,0
07/03/2012,22:00,290.01,294.20,289.00,293.92,2275608,0
07/05/2012,22:00,294.38,300.03,294.27,297.96,4691802,0
07/06/2012,22:00,296.23,296.76,291.41,292.99,4324656,0
07/09/2012,22:00,292.48,294.30,290.63,293.01,3430040,0
07/10/2012,22:00,295.10,296.21,289.37,290.85,3846030,0
07/11/2012,22:00,288.15,288.92,282.47,285.60,7001892,0
07/12/2012,22:00,283.56,285.96,281.05,285.24,4620188,0
07/13/2012,22:00,286.08,289.57,284.27,288.26,3953116,0
07/16/2012,22:00,288.18,289.60,285.89,287.46,2925722,0
07/17/2012,22:00,289.21,290.33,284.20,288.36,3363136,0
07/18/2012,22:00,288.49,291.85,288.07,290.38,3101900,0
07/19/2012,22:00,293.07,299.24,293.00,296.53,9349274,0
07/20/2012,22:00,304.38,306.47,299.09,305.41,12927496,0
07/23/2012,22:00,300.24,309.17,299.13,307.76,7123636,0
07/24/2012,22:00,307.50,308.96,302.17,303.79,4024378,0
07/25/2012,22:00,304.16,306.69,302.68,303.99,3645946,0
07/26/2012,22:00,307.50,308.43,305.02,306.68,3374970,0
07/27/2012,22:00,309.45,317.50,308.75,317.48,7100348,0
07/30/2012,22:00,318.02,321.30,314.75,316.15,4373434,0
07/31/2012,22:00,314.13,318.25,314.11,316.48,3731780,0
08/01/2012,22:00,318.65,319.75,315.69,316.34,3689112,0
08/02/2012,22:00,312.76,319.02,311.70,314.38,3955380,0
08/03/2012,22:00,320.00,321.86,318.07,320.67,3794892,0
08/06/2012,22:00,319.80,324.69,319.61,321.41,3564988,0
08/07/2012,22:00,320.89,322.13,318.23,320.27,3965390,0
08/08/2012,22:00,319.52,322.93,319.25,321.11,2644772,0
08/09/2012,22:00,322.26,323.18,320.76,321.17,2140576,0
08/10/2012,22:00,319.30,321.12,318.07,321.00,2868816,0
08/13/2012,22:00,323.71,330.08,323.34,330.01,6536146,0
08/14/2012,22:00,329.63,336.42,329.50,334.33,7324356,0
08/15/2012,22:00,335.14,337.13,332.05,333.77,4822200,0
08/16/2012,22:00,333.76,337.32,333.54,336.43,3435382,0
08/17/2012,22:00,337.06,338.63,335.85,338.57,4355792,0
08/20/2012,22:00,337.75,339.43,336.33,337.77,3516842,0
08/21/2012,22:00,336.55,339.00,331.08,334.76,4445610,0
08/22/2012,22:00,333.69,340.30,333.35,338.59,3818524,0
08/23/2012,22:00,337.14,340.24,335.50,338.40,3568906,0
08/24/2012,22:00,337.80,340.23,337.04,339.32,2858534,0
08/27/2012,22:00,331.49,336.00,329.62,334.61,5228262,0
08/28/2012,22:00,332.50,338.81,332.37,338.63,4117876,0
08/29/2012,22:00,338.68,344.49,338.08,344.01,5982074,0
08/30/2012,22:00,342.12,343.70,340.09,340.84,3255408,0
08/31/2012,22:00,342.00,344.29,340.02,342.55,4254250,0
09/04/2012,22:00,342.27,342.50,336.75,340.52,3779226,0
09/05/2012,22:00,340.00,343.25,339.57,340.36,3416338,0
09/06/2012,22:00,342.98,349.95,342.37,349.70,6088900,0
09/07/2012,22:00,350.00,356.13,348.83,353.08,6472616,0
09/10/2012,22:00,354.88,356.40,349.20,350.39,5120134,0
09/11/2012,22:00,348.98,350.33,345.50,346.10,3748008,0
09/12/2012,22:00,344.70,347.45,340.44,345.44,5284520,0
09/13/2012,22:00,346.55,354.50,345.27,353.02,5318604,0
09/14/2012,22:00,354.80,356.50,353.51,354.84,5237748,0
09/17/2012,22:00,354.05,356.44,352.50,354.99,3016614,0
09/18/2012,22:00,353.89,359.33,353.39,359.14,4134498,0
09/19/2012,22:00,358.75,364.28,358.20,363.75,6197564,0
09/20/2012,22:00,362.23,365.69,360.61,364.06,5815708,0
09/21/2012,22:00,366.11,367.46,365.06,366.99,12720752,0
09/24/2012,22:00,365.50,375.02,365.13,374.69,7131674,0
09/25/2012,22:00,376.52,382.45,373.83,374.58,12122066,0
09/26/2012,22:00,374.92,380.62,370.50,376.73,11348668,0
09/27/2012,22:00,379.98,381.42,375.83,378.25,7864544,0
09/28/2012,22:00,377.08,379.65,375.58,377.25,5568182,0
10/01/2012,22:00,379.52,382.50,378.11,380.89,6336954,0
10/02/2012,22:00,382.60,382.99,375.14,378.49,5580750,0
10/03/2012,22:00,377.86,381.96,376.10,381.25,4417278,0
10/04/2012,22:00,381.38,384.95,379.70,384.02,4908992,0
10/05/2012,22:00,385.36,387.19,382.50,383.83,5475502,0
10/08/2012,22:00,380.50,381.79,377.08,378.92,3917250,0
10/09/2012,22:00,379.83,380.66,371.27,372.05,6007768,0
10/10/2012,22:00,370.93,373.76,369.14,372.28,4082406,0
10/11/2012,22:00,376.45,379.25,375.14,375.74,4767974,0
10/12/2012,22:00,375.92,377.43,372.05,372.38,4813574,0
10/15/2012,22:00,370.97,371.92,365.35,370.49,6040196,0
10/16/2012,22:00,370.07,373.49,368.23,372.35,4116936,0
10/17/2012,22:00,371.98,378.17,370.13,377.74,4585638,0
10/18/2012,22:00,377.77,379.71,338.00,347.50,24884692,0
10/19/2012,22:00,352.79,353.35,336.00,340.89,22966856,0
10/22/2012,22:00,340.51,342.32,334.85,339.33,8115744,0
10/23/2012,22:00,336.01,343.67,336.00,340.17,5833956,0
10/24/2012,22:00,343.40,343.50,337.64,338.65,4992822,0
10/25/2012,22:00,340.00,341.00,336.76,338.88,4807392,0
10/26/2012,22:00,338.25,341.52,335.60,337.58,3901730,0
10/31/2012,22:00,339.93,340.50,337.50,340.15,3074002,0
11/01/2012,22:00,339.75,345.45,339.36,343.80,4100942,0
11/02/2012,22:00,347.39,347.77,343.68,343.96,4649138,0
11/05/2012,22:00,342.25,343.43,337.78,341.48,3271788,0
11/06/2012,22:00,342.74,343.25,338.77,340.86,3165872,0
11/07/2012,22:00,337.50,339.12,333.24,333.56,4464876,0
11/08/2012,22:00,335.10,335.74,325.61,326.14,5197352,0
11/09/2012,22:00,327.33,334.17,325.15,331.52,6228168,0
11/12/2012,22:00,331.88,334.90,330.43,332.95,2811740,0
11/13/2012,22:00,331.50,333.80,329.11,329.53,3189278,0
11/14/2012,22:00,330.33,331.09,325.25,326.27,3336644,0
11/15/2012,22:00,325.00,330.00,321.95,323.63,3697878,0
11/16/2012,22:00,322.99,326.51,318.00,323.59,6877000,0
11/19/2012,22:00,327.85,334.46,327.77,334.11,4739432,0
11/20/2012,22:00,334.76,339.00,332.29,334.98,4178172,0
11/21/2012,22:00,334.49,334.90,330.20,332.93,4226022,0
11/23/2012,22:00,334.98,335.00,333.05,333.98,1798714,0
11/26/2012,22:00,333.22,333.50,329.51,330.58,4411054,0
11/27/2012,22:00,330.08,337.50,329.00,335.36,5019196,0
11/28/2012,22:00,334.01,342.45,331.95,341.83,6083880,0
11/29/2012,22:00,343.89,346.95,341.00,345.95,5561088,0
11/30/2012,22:00,345.65,349.61,342.85,349.18,6328882,0
12/03/2012,22:00,351.12,352.95,347.06,347.63,4387896,0
12/04/2012,22:00,347.50,347.76,342.85,345.52,3983210,0
12/05/2012,22:00,346.08,347.25,341.17,343.91,3725470,0
12/06/2012,22:00,343.80,347.80,342.26,345.57,2924432,0
12/07/2012,22:00,347.50,348.44,341.21,342.11,3838952,0
12/10/2012,22:00,342.70,345.83,341.89,342.71,2733732,0
12/11/2012,22:00,345.00,350.96,343.86,348.44,5375912,0
12/12/2012,22:00,349.61,351.76,346.74,348.78,4852598,0
12/13/2012,22:00,357.96,358.24,349.77,351.35,6892612,0
12/14/2012,22:00,349.58,353.91,349.21,350.98,4261190,0
12/17/2012,22:00,352.75,360.96,352.01,360.39,6073526,0
12/18/2012,22:00,358.30,364.55,357.52,360.54,6010276,0
12/19/2012,22:00,360.36,361.50,358.34,360.05,3839598,0
12/20/2012,22:00,361.63,362.33,358.49,361.18,3314306,0
12/21/2012,22:00,356.98,359.41,355.26,357.82,7055698,0
12/24/2012,22:00,357.26,357.59,353.73,354.75,1674852,0
12/26/2012,22:00,354.04,356.44,351.20,354.43,2365144,0
12/27/2012,22:00,353.57,354.42,349.30,353.14,3294784,0
12/28/2012,22:00,350.85,353.45,350.01,350.01,2807852,0
12/31/2012,22:00,350.00,355.29,348.00,353.69,3995466,0
