"Date","Time","Open","High","Low","Close","Vol","OI"
01/02/2013,22:00,359.71,363.50,358.27,361.63,5084536,0
01/03/2013,22:00,362.46,365.96,360.36,361.83,4636280,0
01/04/2013,22:00,364.67,370.73,363.84,368.98,5527104,0
01/07/2013,22:00,367.73,369.69,365.29,367.38,3311934,0
01/08/2013,22:00,367.77,368.15,362.21,366.65,3353480,0
01/09/2013,22:00,366.14,369.17,364.30,369.06,4051502,0
01/10/2013,22:00,371.42,372.50,366.75,370.74,3671560,0
01/11/2013,22:00,371.00,371.21,368.15,369.99,2570250,0
01/14/2013,22:00,368.50,371.10,361.17,361.63,5728212,0
01/15/2013,22:00,359.67,367.50,356.05,362.46,7855980,0
01/16/2013,22:00,361.20,362.17,356.83,357.60,4049982,0
01/17/2013,22:00,358.86,359.82,355.51,355.66,4424714,0
01/18/2013,22:00,355.18,356.39,350.67,352.26,6453796,0
01/22/2013,22:00,352.33,352.67,347.76,351.43,7584672,0
01/23/2013,22:00,367.99,374.50,367.89,370.75,11823730,0
01/24/2013,22:00,370.62,378.41,370.25,376.92,6767192,0
01/25/2013,22:00,375.39,379.24,375.13,376.83,4451622,0
01/28/2013,22:00,375.88,377.80,373.95,375.36,3255666,0
01/29/2013,22:00,373.38,378.48,373.27,376.84,3495468,0
01/30/2013,22:00,376.87,380.48,376.45,376.92,3465944,0
01/31/2013,22:00,375.26,378.81,375.13,377.85,3269112,0
02/01/2013,22:00,379.10,388.30,379.05,387.80,7492330,0
02/04/2013,22:00,383.85,385.24,379.14,379.51,6082484,0
02/05/2013,22:00,380.57,385.55,379.73,382.87,3741432,0
02/06/2013,22:00,379.54,386.48,379.25,385.08,4159374,0
02/07/2013,22:00,384.85,389.40,382.75,386.98,5681012,0
02/08/2013,22:00,390.07,393.33,389.78,392.68,6049706,0
02/11/2013,22:00,389.20,391.50,386.88,391.21,4335312,0
02/12/2013,22:00,390.88,393.95,389.68,390.35,3717890,0
02/13/2013,22:00,390.07,392.67,389.98,391.43,2396340,0
02/14/2013,22:00,389.86,394.37,388.89,393.91,3470438,0
02/15/2013,22:00,393.70,396.63,393.54,396.45,5459834,0
02/19/2013,22:00,397.99,403.50,397.64,403.42,5865848,0
02/20/2013,22:00,402.65,404.48,395.90,396.23,5530058,0
02/21/2013,22:00,399.00,402.73,395.61,397.77,7022072,0
02/22/2013,22:00,399.63,400.63,396.90,399.86,4108100,0
02/25/2013,22:00,401.15,404.20,395.24,395.39,4614016,0
02/26/2013,22:00,397.50,397.97,392.20,395.07,4410118,0
02/27/2013,22:00,397.40,402.38,395.55,399.89,4057030,0
02/28/2013,22:00,400.55,403.49,400.52,400.60,4531748,0
03/01/2013,22:00,398.90,403.57,398.08,403.10,4350850,0
03/04/2013,22:00,402.65,411.42,402.50,410.75,5552370,0
03/05/2013,22:00,414.46,420.08,414.45,419.30,8090068,0
03/06/2013,22:00,420.51,422.00,414.40,415.69,5747996,0
03/07/2013,22:00,417.03,418.31,414.79,416.30,4108476,0
03/08/2013,22:00,417.25,417.46,412.52,415.76,5824566,0
03/11/2013,22:00,415.85,419.85,415.75,417.41,3191356,0
03/12/2013,22:00,415.36,415.95,411.83,413.80,4017958,0
03/13/2013,22:00,413.95,415.35,411.15,412.65,3282826,0
03/14/2013,22:00,413.49,413.49,408.70,410.77,3302222,0
03/15/2013,22:00,409.25,410.15,406.67,407.15,6199582,0
03/18/2013,22:00,402.50,406.38,400.73,403.89,3677104,0
03/19/2013,22:00,405.62,409.63,403.23,405.66,4196352,0
03/20/2013,22:00,408.42,408.76,405.72,407.35,2928244,0
03/21/2013,22:00,405.64,408.46,404.92,405.63,2955180,0
03/22/2013,22:00,407.37,407.62,404.82,405.15,2983356,0
03/25/2013,22:00,406.20,409.61,403.41,404.82,3425368,0
03/26/2013,22:00,406.75,407.00,403.89,406.21,2383824,0
03/27/2013,22:00,403.34,403.50,400.67,401.33,4326590,0
03/28/2013,22:00,401.99,402.68,396.65,397.09,4575424,0
04/01/2013,22:00,397.51,401.13,396.63,400.60,3615160,0
04/02/2013,22:00,402.27,407.42,402.00,406.52,4083426,0
04/03/2013,22:00,406.73,407.10,400.33,403.10,3477506,0
04/04/2013,22:00,402.13,402.88,395.65,397.54,4896204,0
04/05/2013,22:00,393.03,393.49,388.20,391.52,6867988,0
04/08/2013,22:00,389.38,389.77,384.20,387.42,5665436,0
04/09/2013,22:00,387.75,391.88,386.55,388.83,4315856,0
04/10/2013,22:00,391.46,396.17,388.00,395.09,3957724,0
04/11/2013,22:00,396.44,396.55,392.03,395.20,4057532,0
04/12/2013,22:00,395.99,396.05,391.46,395.02,3273658,0
04/15/2013,22:00,392.98,398.50,388.51,390.96,4909534,0
04/16/2013,22:00,393.30,398.00,391.96,396.68,3484748,0
04/17/2013,22:00,393.38,395.42,389.05,391.28,4074710,0
04/18/2013,22:00,392.67,392.90,380.63,382.96,6657554,0
04/19/2013,22:00,384.58,401.72,383.13,399.93,11608632,0
04/22/2013,22:00,400.30,401.98,387.50,400.06,5766814,0
04/23/2013,22:00,400.50,407.75,400.18,403.95,4599800,0
04/24/2013,22:00,404.05,409.00,404.00,406.73,3658302,0
04/25/2013,22:00,408.13,408.23,403.82,404.55,3984602,0
04/26/2013,22:00,403.80,403.87,398.29,400.71,4976474,0
04/29/2013,22:00,401.63,411.35,401.50,409.53,4603934,0
04/30/2013,22:00,409.50,413.82,408.84,412.29,4613672,0
05/01/2013,22:00,411.63,412.36,408.18,410.21,2911268,0
05/02/2013,22:00,410.05,417.27,409.52,414.80,4037092,0
05/03/2013,22:00,418.48,423.40,418.00,422.86,5025322,0
05/06/2013,22:00,424.13,430.92,424.13,430.77,4283668,0
05/07/2013,22:00,431.51,431.93,425.33,428.61,3935972,0
05/08/2013,22:00,428.50,436.94,426.45,436.82,4936806,0
05/09/2013,22:00,435.42,439.83,434.11,435.74,4401516,0
05/10/2013,22:00,437.65,440.27,436.08,440.11,3801434,0
05/13/2013,22:00,439.45,441.23,436.69,438.77,2897460,0
05/14/2013,22:00,438.75,444.35,438.57,443.55,3162592,0
05/15/2013,22:00,447.75,458.19,447.01,457.95,7990638,0
05/16/2013,22:00,459.50,459.99,451.01,451.93,6423476,0
05/17/2013,22:00,455.01,456.74,450.26,454.59,5585326,0
05/20/2013,22:00,452.50,460.30,452.50,454.27,4545884,0
05/21/2013,22:00,454.01,455.83,448.80,453.48,3966770,0
05/22/2013,22:00,451.28,454.65,443.44,444.71,5122588,0
05/23/2013,22:00,438.50,444.98,437.00,441.39,4558694,0
05/24/2013,22:00,437.63,439.41,435.51,436.66,4593520,0
05/28/2013,22:00,441.75,446.07,440.20,440.64,4515428,0
05/29/2013,22:00,437.86,438.99,432.14,434.15,4028492,0
05/30/2013,22:00,434.96,439.45,433.20,435.38,4241974,0
05/31/2013,22:00,434.06,438.50,433.76,435.61,3939714,0
06/03/2013,22:00,436.50,436.98,427.51,433.82,4953992,0
06/04/2013,22:00,433.92,435.30,427.04,429.55,3737490,0
06/05/2013,22:00,431.26,434.73,428.57,429.85,4214082,0
06/06/2013,22:00,432.15,433.17,423.61,432.32,5159210,0
06/07/2013,22:00,435.21,440.00,432.66,439.86,5350538,0
06/10/2013,22:00,441.05,445.50,440.05,445.11,4676368,0
06/11/2013,22:00,441.98,443.50,439.76,439.90,3515386,0
06/12/2013,22:00,442.73,443.00,434.83,435.99,4410098,0
06/13/2013,22:00,434.49,439.83,432.75,438.50,4142518,0
06/14/2013,22:00,440.05,442.35,437.07,437.52,4490352,0
06/17/2013,22:00,439.61,444.71,439.14,443.13,4294596,0
06/18/2013,22:00,444.33,450.50,444.17,450.31,4335756,0
06/19/2013,22:00,450.68,455.42,448.75,450.34,5834224,0
06/20/2013,22:00,446.99,450.50,441.65,442.37,6755156,0
06/21/2013,22:00,444.17,444.94,436.54,440.46,7964708,0
06/24/2013,22:00,435.94,438.16,431.63,434.89,6040484,0
06/25/2013,22:00,438.63,439.84,432.26,433.10,5107778,0
06/26/2013,22:00,436.88,439.00,435.29,436.83,3665470,0
06/27/2013,22:00,439.40,442.35,438.33,438.54,3853108,0
06/28/2013,22:00,437.45,440.92,437.10,440.18,4700098,0
07/01/2013,22:00,443.23,446.04,442.50,443.94,3453560,0
07/02/2013,22:00,445.10,445.50,438.64,441.15,3783624,0
07/03/2013,22:00,439.95,444.58,439.25,443.21,2088378,0
07/05/2013,22:00,445.01,447.70,443.67,446.74,3403660,0
07/08/2013,22:00,449.61,453.14,448.54,452.55,3940314,0
07/09/2013,22:00,455.50,456.48,448.99,452.62,3958676,0
07/10/2013,22:00,451.73,455.57,450.19,452.99,3431946,0
07/11/2013,22:00,456.50,460.40,454.26,460.12,5175690,0
07/12/2013,22:00,460.00,461.50,457.62,461.50,5137884,0
07/15/2013,22:00,462.15,464.00,458.18,462.35,3922722,0
07/16/2013,22:00,463.57,463.98,456.95,459.80,3967054,0
07/17/2013,22:00,460.50,463.43,458.15,459.27,3012336,0
07/18/2013,22:00,459.49,460.00,451.60,455.34,7268860,0
07/19/2013,22:00,443.05,451.48,437.80,448.30,14726796,0
07/22/2013,22:00,451.00,456.33,448.50,455.35,5808358,0
07/23/2013,22:00,455.35,456.50,449.79,451.90,4093490,0
07/24/2013,22:00,453.63,455.15,450.35,451.45,4161556,0
07/25/2013,22:00,446.93,448.42,443.04,443.85,6010454,0
07/26/2013,22:00,443.49,444.99,441.00,442.67,3556488,0
07/29/2013,22:00,442.45,447.41,440.45,441.14,3786084,0
07/30/2013,22:00,442.73,447.80,440.43,445.46,3512232,0
07/31/2013,22:00,446.49,448.25,443.09,443.88,4346892,0
08/01/2013,22:00,447.50,452.27,447.50,452.11,4276628,0
08/02/2013,22:00,451.72,453.50,450.41,453.29,3435530,0
08/05/2013,22:00,452.70,452.76,449.60,452.50,2619842,0
08/06/2013,22:00,452.35,454.85,447.86,448.29,3012950,0
08/07/2013,22:00,447.52,449.23,444.55,445.33,2760764,0
08/08/2013,22:00,447.74,447.92,442.65,446.33,2976090,0
08/09/2013,22:00,445.28,447.76,445.00,445.20,2647522,0
08/12/2013,22:00,443.45,443.50,440.83,442.76,2754708,0
08/13/2013,22:00,443.42,444.25,438.10,440.63,2840924,0
08/14/2013,22:00,439.18,440.11,433.58,434.90,4166458,0
08/15/2013,22:00,432.22,432.46,429.00,429.83,3741624,0
08/16/2013,22:00,430.64,431.22,428.27,428.45,3350774,0
08/19/2013,22:00,428.86,436.00,428.73,432.83,3622850,0
08/20/2013,22:00,434.17,436.05,431.77,432.71,2472518,0
08/21/2013,22:00,435.33,438.45,433.25,434.67,3523192,0
08/22/2013,22:00,436.35,437.38,435.13,436.86,1740982,0
08/23/2013,22:00,438.92,439.00,434.88,435.11,2154186,0
08/26/2013,22:00,435.00,437.45,433.02,433.20,2112368,0
08/27/2013,22:00,429.81,431.86,423.95,425.08,3468062,0
08/28/2013,22:00,425.13,427.70,423.89,424.27,2660648,0
08/29/2013,22:00,424.54,430.19,424.30,427.71,2956988,0
08/30/2013,22:00,427.88,429.02,422.78,423.45,3723108,0
09/03/2013,22:00,427.18,433.10,426.98,430.19,4095472,0
09/04/2013,22:00,430.17,436.75,427.58,435.82,4083280,0
09/05/2013,22:00,436.75,439.94,435.80,439.78,2585202,0
09/06/2013,22:00,441.22,441.89,436.87,439.79,3123510,0
09/09/2013,22:00,441.86,444.88,441.21,444.03,2470128,0
09/10/2013,22:00,445.01,446.00,442.00,444.33,2575672,0
09/11/2013,22:00,444.27,448.48,443.04,448.10,3221354,0
09/12/2013,22:00,448.70,448.95,445.01,446.53,2190930,0
09/13/2013,22:00,447.25,447.84,442.42,444.53,2653772,0
09/16/2013,22:00,448.10,448.50,442.43,443.88,2682622,0
09/17/2013,22:00,443.70,444.20,440.50,443.05,2520514,0
09/18/2013,22:00,443.17,451.98,441.54,451.66,3874532,0
09/19/2013,22:00,452.99,452.99,447.70,449.20,3196402,0
09/20/2013,22:00,449.20,452.07,447.81,451.55,8696698,0
09/23/2013,22:00,448.08,450.80,442.60,443.25,3556756,0
09/24/2013,22:00,443.25,445.05,440.70,443.42,2973566,0
09/25/2013,22:00,443.27,443.27,437.80,438.61,3308226,0
09/26/2013,22:00,439.15,441.38,437.50,439.08,2520614,0
09/27/2013,22:00,437.41,438.76,435.65,438.20,2517644,0
09/30/2013,22:00,434.54,440.42,434.15,437.95,3447526,0
10/01/2013,22:00,440.13,443.83,440.02,443.50,3370416,0
10/02/2013,22:00,441.36,444.68,438.91,443.99,2992668,0
10/03/2013,22:00,444.00,447.05,436.05,438.05,4238424,0
10/04/2013,22:00,437.50,438.75,435.00,436.17,2716908,0
10/07/2013,22:00,433.73,436.99,432.05,432.87,2588034,0
10/08/2013,22:00,432.66,432.99,425.82,426.83,3890836,0
10/09/2013,22:00,428.14,431.33,421.49,427.93,5306236,0
10/10/2013,22:00,431.92,434.42,430.11,434.12,4517862,0
10/11/2013,22:00,433.02,436.74,432.65,435.99,2817824,0
10/14/2013,22:00,433.33,438.13,432.70,438.05,2487346,0
10/15/2013,22:00,437.88,442.82,437.00,441.01,3189554,0
10/16/2013,22:00,442.93,449.17,442.01,449.01,4023572,0
10/17/2013,22:00,446.49,448.45,442.86,444.40,8513244,0
10/18/2013,22:00,488.29,507.73,487.00,505.70,23168516,0
10/21/2013,22:00,505.73,509.50,499.77,501.65,7266332,0
10/22/2013,22:00,502.50,506.50,497.90,503.50,4422958,0
10/23/2013,22:00,500.50,517.37,500.32,515.70,5335172,0
10/24/2013,22:00,515.93,520.28,512.40,512.78,4186308,0
10/25/2013,22:00,514.41,514.41,505.37,507.60,4061676,0
10/28/2013,22:00,507.60,511.71,506.49,507.50,2332800,0
10/29/2013,22:00,509.55,518.47,506.75,518.12,3216592,0
10/30/2013,22:00,518.72,518.76,513.00,515.21,2654200,0
10/31/2013,22:00,514.47,520.76,511.98,515.29,3280070,0
11/01/2013,22:00,515.90,518.00,512.55,513.52,2567876,0
11/04/2013,22:00,515.75,516.18,511.02,513.05,2278370,0
11/05/2013,22:00,510.17,515.83,508.71,510.76,2362976,0
11/06/2013,22:00,512.80,513.50,507.68,511.38,1829248,0
11/07/2013,22:00,511.30,511.96,503.82,503.98,3360142,0
11/08/2013,22:00,504.38,509.25,504.25,508.02,2589016,0
11/11/2013,22:00,504.76,507.96,504.00,505.30,2225556,0
11/12/2013,22:00,503.85,508.78,502.50,505.89,2437920,0
11/13/2013,22:00,503.38,516.42,503.25,516.23,3168008,0
11/14/2013,22:00,516.96,519.88,515.17,517.61,2336938,0
11/15/2013,22:00,517.43,519.00,515.16,516.78,2555544,0
11/18/2013,22:00,517.88,524.37,514.62,515.78,3520498,0
11/19/2013,22:00,515.86,517.38,511.52,512.60,2263238,0
11/20/2013,22:00,514.97,516.68,510.18,511.15,1931070,0
11/21/2013,22:00,513.50,519.16,513.00,517.03,2184994,0
11/22/2013,22:00,516.71,518.09,514.61,515.95,2508620,0
11/25/2013,22:00,518.58,526.59,517.51,522.97,3226018,0
11/26/2013,22:00,524.30,530.75,521.47,529.21,4574364,0
11/27/2013,22:00,531.02,534.00,530.00,531.55,2247118,0
11/29/2013,22:00,531.08,533.31,529.72,529.79,1996406,0
12/02/2013,22:00,531.76,533.17,525.38,527.24,2750468,0
12/03/2013,22:00,525.47,531.72,524.51,526.63,3356108,0
12/04/2013,22:00,525.68,531.99,525.00,529.09,2384278,0
12/05/2013,22:00,528.60,529.83,525.54,528.67,2269838,0
12/06/2013,22:00,534.90,535.00,530.04,534.93,2862470,0
12/09/2013,22:00,535.49,541.16,534.01,539.07,2968206,0
12/10/2013,22:00,538.08,546.16,537.83,542.33,3712224,0
12/11/2013,22:00,543.70,545.66,537.59,538.65,3423670,0
12/12/2013,22:00,539.78,541.47,534.50,534.98,3192996,0
12/13/2013,22:00,537.70,538.15,528.94,530.40,4329518,0
12/16/2013,22:00,532.00,537.34,531.01,536.49,3212350,0
12/17/2013,22:00,536.41,540.38,534.19,534.93,3079834,0
12/18/2013,22:00,535.92,542.47,529.52,542.38,4425092,0
12/19/2013,22:00,540.57,545.99,539.54,543.11,3332012,0
12/20/2013,22:00,544.15,550.59,544.00,550.31,6534834,0
12/23/2013,22:00,553.92,557.90,552.56,557.55,3446860,0
12/24/2013,22:00,557.48,557.62,554.05,555.92,1458132,0
12/26/2013,22:00,557.01,559.50,554.34,558.73,2677014,0
12/27/2013,22:00,560.00,560.14,556.47,559.20,3140280,0
12/30/2013,22:00,560.17,560.25,554.51,554.73,2473418,0
12/31/2013,22:00,556.12,560.50,553.13,560.35,2716600,0
01/02/2014,22:00,557.73,558.88,554.13,556.56,3645438,0
01/03/2014,22:00,557.50,558.47,552.47,552.50,3338458,0
01/06/2014,22:00,556.51,559.43,553.22,558.66,3541564,0
01/07/2014,22:00,562.50,569.84,560.58,569.43,5107998,0
01/08/2014,22:00,573.00,573.66,566.65,570.61,4486888,0
01/09/2014,22:00,571.72,572.11,562.78,565.12,4171130,0
01/10/2014,22:00,569.54,569.54,561.13,565.09,4291120,0
01/13/2014,22:00,563.23,573.45,558.59,561.49,4851230,0
01/14/2014,22:00,568.97,575.50,564.04,574.70,4969028,0
01/15/2014,22:00,576.49,577.50,571.90,574.31,3902024,0
01/16/2014,22:00,574.55,578.96,574.00,578.11,3371398,0
01/17/2014,22:00,578.29,580.32,572.10,575.27,5532280,0
01/21/2014,22:00,580.35,582.00,575.65,581.85,3962198,0
01/22/2014,22:00,583.30,583.95,579.43,582.51,3147692,0
01/23/2014,22:00,579.67,581.24,577.18,580.05,3903286,0
01/24/2014,22:00,575.79,576.77,561.50,561.91,7852694,0
01/27/2014,22:00,563.05,563.25,541.14,550.61,8725956,0
01/28/2014,22:00,555.16,562.87,554.97,561.51,4435446,0
01/29/2014,22:00,559.56,560.88,549.71,553.46,4823282,0
01/30/2014,22:00,572.49,576.24,563.63,567.70,10282214,0
01/31/2014,22:00,585.78,593.27,575.57,590.48,11139588,0
02/03/2014,22:00,589.60,590.86,566.00,566.72,9151204,0
02/04/2014,22:00,568.99,577.50,568.51,569.08,5631474,0
02/05/2014,22:00,571.69,575.39,564.01,571.60,4801238,0
02/06/2014,22:00,575.57,580.08,573.78,579.98,3896508,0
02/07/2014,22:00,583.82,588.95,580.28,588.72,5374616,0
02/10/2014,22:00,585.90,591.20,584.51,586.47,3891278,0
02/11/2014,22:00,590.01,595.93,586.10,595.09,4105626,0
02/12/2014,22:00,594.50,595.00,590.69,593.34,3451346,0
02/13/2014,22:00,590.86,599.95,589.83,599.95,3673842,0
02/14/2014,22:00,597.80,602.20,596.40,601.40,4388660,0
02/18/2014,22:00,600.71,606.43,600.00,605.44,4221460,0
02/19/2014,22:00,602.65,604.61,598.75,601.17,4211394,0
02/20/2014,22:00,601.57,603.44,600.11,602.05,3403788,0
02/21/2014,22:00,603.91,604.93,601.42,601.90,3726310,0
02/24/2014,22:00,602.68,610.08,602.55,606.26,3350922,0
02/25/2014,22:00,607.54,612.25,605.21,610.00,2888360,0
02/26/2014,22:00,612.12,614.44,606.88,610.09,3967608,0
02/27/2014,22:00,609.20,612.12,608.51,609.60,2521588,0
02/28/2014,22:00,610.17,612.09,603.11,607.83,4629192,0
03/03/2014,22:00,603.99,603.99,596.07,601.34,4217440,0
03/04/2014,22:00,607.50,608.00,604.75,607.46,2942062,0
03/05/2014,22:00,607.05,611.54,605.70,609.13,2472380,0
03/06/2014,22:00,611.14,613.07,609.30,609.80,2539182,0
03/07/2014,22:00,613.40,613.49,605.72,607.40,3031020,0
03/10/2014,22:00,607.84,608.82,602.05,605.78,2430886,0
03/11/2014,22:00,606.89,607.16,598.32,599.99,3430846,0
03/12/2014,22:00,598.20,603.92,592.09,603.65,3933854,0
03/13/2014,22:00,603.97,605.25,592.38,594.53,4691280,0
03/14/2014,22:00,590.99,595.43,586.27,586.40,4603572,0
03/17/2014,22:00,589.63,598.53,589.05,596.05,4333094,0
03/18/2014,22:00,597.34,605.77,596.53,605.63,3643212,0
03/19/2014,22:00,605.90,605.99,597.21,599.63,3225802,0
03/20/2014,22:00,599.97,604.80,597.68,598.58,3369950,0
03/21/2014,22:00,603.16,604.82,591.22,591.52,6421312,0
03/24/2014,22:00,592.02,592.45,572.97,578.97,6078302,0
03/25/2014,22:00,583.00,584.92,573.50,579.36,4826090,0
03/26/2014,22:00,580.52,585.78,565.75,565.98,5160046,0
03/27/2014,22:00,565.42,565.97,551.05,557.14,7653352,0
03/28/2014,22:00,559.50,566.59,558.89,560.08,4517836,0
03/31/2014,22:00,565.20,567.50,556.42,557.26,3884554,0
04/01/2014,22:00,560.14,568.75,559.00,567.45,4365252,0
04/02/2014,22:00,570.95,572.40,562.00,567.55,4177608,0
04/03/2014,22:00,573.39,588.30,566.01,571.50,4019626,0
04/04/2014,22:00,579.55,579.72,544.49,545.25,5366972,0
04/07/2014,22:00,544.00,549.85,530.53,540.63,3961552,0
04/08/2014,22:00,545.15,559.88,544.70,557.51,3488768,0
04/09/2014,22:00,565.84,567.80,555.38,567.04,3033589,0
04/10/2014,22:00,568.00,568.21,545.50,546.69,3296996,0
04/11/2014,22:00,537.69,547.59,533.40,537.76,3175460,0
04/14/2014,22:00,544.46,553.02,540.52,545.20,2541398,0
04/15/2014,22:00,551.00,552.89,530.64,548.70,3999843,0
04/16/2014,22:00,557.70,564.00,553.10,563.90,4588541,0
04/17/2014,22:00,556.32,557.00,539.40,543.34,5616862,0
04/21/2014,22:00,543.54,544.00,534.00,539.37,2425207,0
04/22/2014,22:00,536.88,547.99,536.00,545.50,2331121,0
04/23/2014,22:00,543.67,544.80,528.13,537.51,1959330,0
04/24/2014,22:00,541.67,542.50,531.00,534.44,2069559,0
04/25/2014,22:00,532.81,533.86,522.50,523.10,2372604,0
04/28/2014,22:00,525.80,525.90,511.00,522.98,3752779,0
04/29/2014,22:00,524.09,537.76,523.00,536.33,2535967,0
04/30/2014,22:00,536.06,536.34,529.09,534.88,2038658,0
05/01/2014,22:00,534.25,539.91,532.86,538.53,2004375,0
05/02/2014,22:00,541.44,542.40,533.27,533.87,1781595,0
05/05/2014,22:00,530.08,535.72,527.58,535.33,1228797,0
05/06/2014,22:00,533.41,534.55,522.26,522.57,1835318,0
05/07/2014,22:00,522.98,524.43,511.09,518.00,3074346,0
05/08/2014,22:00,515.72,527.35,514.46,520.17,2452197,0
05/09/2014,22:00,518.65,527.35,514.28,526.62,2261447,0
05/12/2014,22:00,531.51,538.75,527.51,538.43,1949291,0
05/13/2014,22:00,539.58,543.99,537.90,541.54,2011963,0
05/14/2014,22:00,541.82,541.82,533.11,534.41,1281148,0
05/15/2014,22:00,533.14,534.00,525.31,529.12,1833044,0
05/16/2014,22:00,529.41,530.84,523.57,528.30,1907733,0
05/19/2014,22:00,528.88,539.35,525.66,538.83,1977885,0
05/20/2014,22:00,539.76,546.35,536.57,540.39,2425292,0
05/21/2014,22:00,542.90,549.75,542.11,549.70,1564854,0
05/22/2014,22:00,552.20,557.96,551.00,555.45,2149757,0
05/23/2014,22:00,558.13,565.00,554.17,563.80,2672674,0
05/27/2014,22:00,567.83,574.87,564.15,574.87,2191828,0
05/28/2014,22:00,574.57,577.66,569.95,570.45,1581576,0
05/29/2014,22:00,573.47,573.48,568.45,570.56,1411296,0
05/30/2014,22:00,571.46,572.58,565.79,571.65,1871737,0
06/02/2014,22:00,570.45,570.45,556.70,564.34,1663640,0
06/03/2014,22:00,560.90,562.40,552.53,554.51,2031647,0
06/04/2014,22:00,551.52,558.58,548.56,553.76,1729192,0
06/05/2014,22:00,557.11,565.00,555.05,564.93,1796370,0
06/06/2014,22:00,568.16,568.80,559.58,566.03,1740934,0
06/09/2014,22:00,566.75,572.00,565.22,570.73,1529959,0
06/10/2014,22:00,568.78,572.00,566.13,568.30,1485115,0
06/11/2014,22:00,565.92,568.97,563.68,567.50,1129173,0
06/12/2014,22:00,566.20,567.00,557.15,559.50,1549487,0
06/13/2014,22:00,560.08,560.65,553.72,560.35,1353343,0
06/16/2014,22:00,557.25,557.99,550.00,552.30,1971842,0
06/17/2014,22:00,552.26,553.74,547.47,550.61,1481669,0
06/18/2014,22:00,552.80,561.40,551.58,560.66,2060681,0
06/19/2014,22:00,561.05,565.00,556.67,564.99,2630539,0
06/20/2014,22:00,566.45,566.77,559.37,566.52,3162147,0
06/23/2014,22:00,564.35,574.44,563.50,574.29,1724098,0
06/24/2014,22:00,574.22,582.25,569.16,572.54,2844325,0
06/25/2014,22:00,573.55,587.30,573.26,585.93,2114743,0
06/26/2014,22:00,589.30,589.60,579.60,584.77,2012360,0
06/27/2014,22:00,585.00,587.88,582.62,585.69,2022118,0
06/30/2014,22:00,586.76,587.71,583.29,584.67,1479411,0
07/01/2014,22:00,587.65,593.66,586.29,591.49,1644628,0
07/02/2014,22:00,592.26,594.15,589.11,590.78,1197005,0
07/03/2014,22:00,591.70,594.29,589.00,593.08,865572,0
07/07/2014,22:00,593.08,595.65,587.94,590.76,1337088,0
07/08/2014,22:00,585.84,587.97,574.00,578.40,2129924,0
07/09/2014,22:00,578.95,584.10,577.00,583.36,1373056,0
07/10/2014,22:00,573.03,585.25,572.10,580.04,1436326,0
07/11/2014,22:00,581.01,588.23,580.58,586.65,1514265,0
07/14/2014,22:00,590.60,594.86,586.69,594.26,1954612,0
07/15/2014,22:00,595.15,595.30,585.31,593.06,1673979,0
07/16/2014,22:00,596.89,597.00,590.25,590.62,1442211,0
07/17/2014,22:00,589.00,589.50,576.85,580.82,2941648,0
07/18/2014,22:00,602.45,606.70,590.92,605.11,4874260,0
07/21/2014,22:00,601.35,604.16,594.45,598.44,2240111,0
07/22/2014,22:00,599.70,608.89,599.26,603.57,1881665,0
07/23/2014,22:00,602.77,607.05,601.35,605.19,1106136,0
07/24/2014,22:00,605.53,608.91,601.00,603.01,1355974,0
07/25/2014,22:00,599.25,601.00,595.75,598.08,1361911,0
07/28/2014,22:00,597.75,601.10,592.59,599.02,1358071,0
07/29/2014,22:00,597.70,598.49,592.17,593.95,1366729,0
07/30/2014,22:00,595.00,598.45,592.70,595.44,1215576,0
07/31/2014,22:00,588.96,591.99,577.68,579.55,2310471,0
08/01/2014,22:00,578.55,583.43,570.30,573.60,2213790,0
08/04/2014,22:00,576.51,583.82,572.26,582.27,1524818,0
08/05/2014,22:00,579.38,580.20,570.31,573.14,1651342,0
08/06/2014,22:00,569.50,578.64,567.45,574.49,1322878,0
08/07/2014,22:00,576.05,578.31,569.43,571.81,1163027,0
08/08/2014,22:00,572.02,579.56,569.02,577.94,1495022,0
08/11/2014,22:00,579.00,579.69,575.30,577.25,1203357,0
08/12/2014,22:00,575.44,575.90,569.91,572.12,1394939,0
08/13/2014,22:00,576.85,586.13,575.20,584.56,1903282,0
08/14/2014,22:00,586.69,587.80,580.92,584.65,1272879,0
08/15/2014,22:00,587.50,589.47,580.76,583.71,1725358,0
08/18/2014,22:00,587.10,595.05,586.55,592.70,1470756,0
08/19/2014,22:00,595.70,597.81,594.44,597.11,1045258,0
08/20/2014,22:00,596.95,596.99,593.00,595.41,968617,0
08/21/2014,22:00,594.90,595.25,591.10,592.42,1133593,0
08/22/2014,22:00,593.10,594.99,589.80,592.54,877464,0
08/25/2014,22:00,594.77,595.58,589.26,590.57,1298049,0
08/26/2014,22:00,592.00,592.05,587.45,588.12,1471953,0
08/27/2014,22:00,587.81,589.37,580.90,583.00,1368766,0
08/28/2014,22:00,580.02,584.71,577.88,580.32,1405950,0
08/29/2014,22:00,582.35,582.90,578.24,582.36,1206884,0
09/02/2014,22:00,582.95,589.30,582.40,588.63,1585277,0
09/03/2014,22:00,591.73,594.49,586.50,589.52,1579779,0
09/04/2014,22:00,592.13,598.00,590.60,593.14,1634585,0
09/05/2014,22:00,595.13,598.50,593.55,597.78,1799855,0
09/08/2014,22:00,599.14,603.52,598.02,601.63,1601244,0
09/09/2014,22:00,600.20,600.60,590.48,591.97,1574573,0
09/10/2014,22:00,592.17,593.72,587.14,593.42,1160291,0
09/11/2014,22:00,590.00,591.95,586.04,591.11,1501451,0
09/12/2014,22:00,590.39,591.48,583.28,584.90,1852271,0
09/15/2014,22:00,582.76,583.92,577.01,581.64,1550110,0
09/16/2014,22:00,580.95,590.15,580.95,588.78,1581589,0
09/17/2014,22:00,589.66,596.07,587.12,593.29,1720921,0
09/18/2014,22:00,595.66,597.56,593.02,597.27,1494467,0
09/19/2014,22:00,599.49,605.40,597.76,605.40,4194630,0
09/22/2014,22:00,602.50,603.80,593.12,597.27,1785101,0
09/23/2014,22:00,595.00,596.65,590.24,591.18,1405078,0
09/24/2014,22:00,591.23,600.11,590.30,598.42,1760953,0
09/25/2014,22:00,596.99,598.07,584.74,585.25,1676485,0
09/26/2014,22:00,585.93,589.57,585.00,587.90,1289090,0
09/29/2014,22:00,581.83,589.31,581.57,587.81,1144982,0
09/30/2014,22:00,587.50,591.00,584.50,588.41,1571688,0
10/01/2014,22:00,586.80,588.72,578.02,579.63,1449686,0
10/02/2014,22:00,578.00,583.24,574.05,580.88,1536935,0
10/03/2014,22:00,584.10,588.29,583.50,586.25,1214593,0
10/06/2014,22:00,589.95,592.40,585.40,587.78,1286130,0
10/07/2014,22:00,584.90,585.85,574.10,574.10,1546228,0
10/08/2014,22:00,574.79,584.69,567.64,583.74,2210360,0
10/09/2014,22:00,581.61,582.53,569.03,570.81,2413453,0
10/10/2014,22:00,567.47,575.23,555.01,555.19,2979673,0
10/13/2014,22:00,555.13,560.88,544.43,544.75,2756508,0
10/14/2014,22:00,550.14,558.63,544.50,548.69,2610033,0
10/15/2014,22:00,542.08,543.91,528.42,540.73,3836222,0
10/16/2014,22:00,529.00,540.99,524.95,536.92,3805046,0
10/17/2014,22:00,540.45,543.45,518.41,522.97,5998740,0
10/20/2014,22:00,520.31,533.16,519.14,532.38,2749830,0
10/21/2014,22:00,537.27,538.77,530.20,538.03,2460140,0
10/22/2014,22:00,541.05,550.76,540.23,542.69,2974550,0
10/23/2014,22:00,548.64,557.40,545.50,553.65,2153678,0
10/24/2014,22:00,554.98,555.00,545.16,548.90,2175767,0
10/27/2014,22:00,547.76,554.00,547.20,549.88,1598409,0
10/28/2014,22:00,551.71,559.20,550.43,558.94,1739666,0
10/29/2014,22:00,560.85,564.97,555.98,558.45,2053355,0
10/30/2014,22:00,558.25,562.50,552.13,560.27,1612469,0
10/31/2014,22:00,568.30,568.73,564.81,567.87,2341539,0
11/03/2014,22:00,565.30,567.15,561.63,563.77,1544338,0
11/04/2014,22:00,561.16,564.79,558.30,564.19,1386509,0
11/05/2014,22:00,566.79,566.90,554.15,555.95,1645264,0
11/06/2014,22:00,555.50,556.80,550.58,551.69,1650721,0
11/07/2014,22:00,555.60,555.60,549.35,551.82,1589131,0
11/10/2014,22:00,552.40,560.63,551.62,558.23,1304481,0
11/11/2014,22:00,558.52,562.50,556.24,561.29,1100179,0
11/12/2014,22:00,561.10,561.25,555.50,558.25,1094114,0
11/13/2014,22:00,560.81,560.82,554.09,556.44,1510989,0
11/14/2014,22:00,558.00,558.00,552.51,555.19,1425060,0
11/17/2014,22:00,555.19,555.19,544.44,546.64,1680621,0
11/18/2014,22:00,547.90,552.79,543.80,544.51,1822166,0
11/19/2014,22:00,544.90,548.22,539.19,547.20,1517286,0
11/20/2014,22:00,542.09,545.38,541.50,543.76,1750758,0
11/21/2014,22:00,550.50,551.04,545.00,545.89,2505988,0
11/24/2014,22:00,546.57,551.19,544.15,547.48,1653773,0
11/25/2014,22:00,547.21,552.50,546.91,549.23,1903589,0
11/26/2014,22:00,549.23,549.88,545.23,547.73,1480294,0
11/28/2014,22:00,547.00,549.60,544.48,549.08,1193307,0
12/01/2014,22:00,545.09,548.79,538.62,539.65,1994399,0
12/02/2014,22:00,539.65,541.85,534.66,538.59,2073974,0
12/03/2014,22:00,537.50,541.41,535.21,536.97,1623977,0
12/04/2014,22:00,537.64,542.69,534.89,542.58,1633688,0
12/05/2014,22:00,536.70,538.20,527.26,528.08,3070118,0
12/08/2014,22:00,529.22,533.82,527.00,530.73,3231818,0
12/09/2014,22:00,525.88,536.65,523.41,536.11,2168813,0
12/10/2014,22:00,535.90,539.36,527.49,528.04,2316204,0
12/11/2014,22:00,530.01,537.04,529.16,532.11,2073290,0
12/12/2014,22:00,527.44,532.24,521.46,521.51,2371543,0
12/15/2014,22:00,524.13,525.37,515.40,515.84,2621977,0
12/16/2014,22:00,513.60,515.58,497.19,498.16,4349882,0
12/17/2014,22:00,499.86,509.07,499.11,506.45,3639437,0
12/18/2014,22:00,515.99,516.25,506.56,514.62,3876732,0
12/19/2014,22:00,514.94,520.81,508.86,520.04,4872059,0
12/22/2014,22:00,520.61,532.97,520.59,532.30,3319461,0
12/23/2014,22:00,534.51,542.30,533.72,538.77,2877222,0
12/24/2014,22:00,538.82,540.29,535.10,536.93,739268,0
12/26/2014,22:00,536.93,543.25,535.49,541.52,1113464,0
12/29/2014,22:00,540.50,543.93,537.16,537.31,2218632,0
12/30/2014,22:00,534.96,537.84,533.61,535.28,1048631,0
12/31/2014,22:00,537.74,538.40,530.20,530.66,1236445,0
01/02/2015,22:00,532.60,535.80,527.88,529.55,1327870,0
01/05/2015,22:00,527.15,527.99,517.75,519.46,2059119,0
01/06/2015,22:00,520.50,521.21,505.55,506.64,2731813,0
01/07/2015,22:00,510.95,511.49,503.65,505.15,2345875,0
01/08/2015,22:00,501.51,507.50,495.02,506.91,3662224,0
01/09/2015,22:00,508.18,508.60,498.65,500.72,2100024,0
01/12/2015,22:00,499.24,500.28,490.91,497.06,2856938,0
01/13/2015,22:00,502.57,508.60,497.26,501.80,3050295,0
01/14/2015,22:00,500.42,508.26,498.16,505.93,2639959,0
01/15/2015,22:00,508.89,509.75,502.01,504.01,2556682,0
01/16/2015,22:00,503.15,510.85,503.09,510.45,2482858,0
01/20/2015,22:00,512.77,515.61,509.37,509.94,2343612,0
01/21/2015,22:00,510.84,521.85,509.59,520.39,2317789,0
01/22/2015,22:00,523.00,538.84,521.91,537.30,2803401,0
01/23/2015,22:00,538.03,545.41,535.75,541.95,2298290,0
01/26/2015,22:00,541.50,541.50,532.07,536.72,1546563,0
01/27/2015,22:00,531.40,532.78,520.86,521.19,1957440,0
01/28/2015,22:00,525.00,525.69,512.35,512.43,1791077,0
01/29/2015,22:00,513.18,515.19,503.48,513.23,3950857,0
01/30/2015,22:00,519.00,543.10,518.18,537.55,6055445,0
02/02/2015,22:00,534.32,536.50,521.72,532.20,3768861,0
02/03/2015,22:00,529.94,537.45,526.81,533.30,2353096,0
02/04/2015,22:00,533.14,536.75,525.03,526.10,1694832,0
02/05/2015,22:00,527.93,530.69,525.64,529.83,1658751,0
02/06/2015,22:00,531.01,540.22,528.65,533.88,2146922,0
02/09/2015,22:00,531.06,533.88,527.55,529.28,1515687,0
02/10/2015,22:00,532.15,541.00,529.17,540.16,2371468,0
02/11/2015,22:00,539.73,541.95,536.00,538.00,1915336,0
02/12/2015,22:00,539.66,548.34,537.00,546.01,2429520,0
02/13/2015,22:00,547.51,552.54,546.60,551.16,2369115,0
02/17/2015,22:00,551.16,553.00,543.26,545.01,1958679,0
02/18/2015,22:00,543.82,547.55,539.55,542.65,1558153,0
02/19/2015,22:00,542.47,546.86,540.75,546.45,1541669,0
02/20/2015,22:00,547.58,547.58,538.10,541.80,1911732,0
02/23/2015,22:00,539.00,539.30,532.00,535.00,1645276,0
02/24/2015,22:00,531.55,539.40,531.00,538.65,1421373,0
02/25/2015,22:00,538.44,549.57,538.01,547.33,2041827,0
02/26/2015,22:00,545.74,560.13,545.09,559.29,2701584,0
02/27/2015,22:00,558.15,569.42,557.03,562.63,3416445,0
03/02/2015,22:00,567.00,575.99,563.15,575.02,2520304,0
03/03/2015,22:00,576.35,580.85,570.50,578.79,2526280,0
03/04/2015,22:00,576.97,581.63,572.52,578.33,1898150,0
03/05/2015,22:00,579.62,583.20,578.23,581.43,1795889,0
03/06/2015,22:00,582.00,582.78,572.06,572.90,1879619,0
03/09/2015,22:00,570.92,575.45,569.05,574.10,1174244,0
03/10/2015,22:00,568.47,569.76,559.82,559.85,2004024,0
03/11/2015,22:00,559.80,564.18,555.41,555.69,2026158,0
03/12/2015,22:00,558.48,561.84,555.53,561.17,1780057,0
03/13/2015,22:00,559.23,564.36,550.33,553.00,1771354,0
03/16/2015,22:00,556.93,563.75,551.32,561.64,1842754,0
03/17/2015,22:00,558.29,560.64,554.41,557.61,1444560,0
03/18/2015,22:00,557.73,566.51,553.50,566.16,1766221,0
03/19/2015,22:00,564.52,566.96,562.12,563.67,1232969,0
03/20/2015,22:00,566.71,567.10,564.48,564.95,2216038,0
03/23/2015,22:00,566.00,569.64,563.06,565.37,1511686,0
03/24/2015,22:00,568.54,581.88,568.09,577.54,3957844,0
03/25/2015,22:00,577.57,580.07,567.00,567.00,2653451,0
03/26/2015,22:00,564.65,567.19,558.31,563.64,2492141,0
03/27/2015,22:00,561.83,564.07,556.93,557.55,1727629,0
03/30/2015,22:00,560.25,562.16,556.79,561.14,1239350,0
03/31/2015,22:00,557.94,562.45,554.67,554.70,1746622,0
04/01/2015,22:00,554.83,558.50,546.03,549.49,1945090,0
04/02/2015,22:00,547.41,548.00,540.44,541.31,2388019,0
04/06/2015,22:00,538.84,545.54,535.70,543.95,1685894,0
04/07/2015,22:00,544.99,550.16,543.59,544.86,1365916,0
04/08/2015,22:00,546.00,551.50,546.00,548.84,1419316,0
04/09/2015,22:00,549.21,549.37,541.95,548.02,1618299,0
04/10/2015,22:00,549.57,549.85,544.98,548.54,1305219,0
04/13/2015,22:00,547.05,553.27,546.30,548.64,1466277,0
04/14/2015,22:00,546.57,546.57,535.74,539.78,2360329,0
04/15/2015,22:00,537.96,543.19,532.37,541.04,2348087,0
04/16/2015,22:00,538.35,545.23,538.10,543.52,1586088,0
04/17/2015,22:00,537.31,539.80,529.00,532.74,2461698,0
04/20/2015,22:00,533.75,545.80,533.35,544.53,1926064,0
04/21/2015,22:00,546.31,547.77,542.21,542.92,1456387,0
04/22/2015,22:00,543.06,551.00,541.32,549.18,1590320,0
04/23/2015,22:00,550.41,561.17,550.08,557.46,3909155,0
04/24/2015,22:00,580.05,584.70,568.35,573.66,4608403,0
04/27/2015,22:00,572.77,575.52,562.30,566.12,2403105,0
04/28/2015,22:00,564.32,567.83,560.96,564.37,1859787,0
04/29/2015,22:00,560.51,565.84,559.00,561.39,1681064,0
04/30/2015,22:00,558.56,561.11,546.72,548.77,2362024,0
05/01/2015,22:00,550.51,551.22,543.85,551.16,1828566,0
05/04/2015,22:00,550.99,556.69,547.39,552.84,1762952,0
05/05/2015,22:00,550.16,552.61,542.37,543.04,1426417,0
05/06/2015,22:00,542.64,543.93,532.23,535.08,1951728,0
05/07/2015,22:00,535.90,545.20,533.45,542.04,1592220,0
05/08/2015,22:00,548.87,552.80,548.03,548.95,1411264,0
05/11/2015,22:00,548.49,553.37,545.60,545.78,1092923,0
05/12/2015,22:00,542.81,542.96,535.00,538.73,1764123,0
05/13/2015,22:00,540.47,543.84,538.98,539.49,1211920,0
05/14/2015,22:00,543.97,549.69,542.50,549.20,1586833,0
05/15/2015,22:00,550.39,550.60,542.50,546.49,1671977,0
05/18/2015,22:00,543.82,548.34,542.25,546.67,1335256,0
05/19/2015,22:00,548.00,553.40,547.12,549.28,2356274,0
05/20/2015,22:00,550.92,556.07,545.10,552.51,1541962,0
05/21/2015,22:00,550.20,557.61,549.30,556.81,1708512,0
05/22/2015,22:00,554.46,558.24,553.62,554.52,1213288,0
05/26/2015,22:00,552.58,553.33,542.97,547.19,1873709,0
05/27/2015,22:00,548.68,555.29,546.58,554.25,1742237,0
05/28/2015,22:00,553.79,555.76,550.80,554.18,1177318,0
05/29/2015,22:00,553.20,553.94,545.04,545.32,2172282,0
06/01/2015,22:00,548.96,550.57,543.58,549.21,1660500,0
06/02/2015,22:00,547.43,558.79,546.55,553.95,1592828,0
06/03/2015,22:00,555.10,557.99,552.15,555.29,1335479,0
06/04/2015,22:00,552.18,555.96,549.12,551.69,1343317,0
06/05/2015,22:00,552.00,553.33,547.38,549.53,1219841,0
06/08/2015,22:00,549.61,549.87,542.95,543.48,1366816,0
06/09/2015,22:00,543.42,544.84,538.85,542.16,1500846,0
06/10/2015,22:00,545.70,554.78,545.11,552.60,1515805,0
06/11/2015,22:00,554.49,554.83,549.17,550.04,1293560,0
06/12/2015,22:00,547.15,548.85,545.63,547.47,1273383,0
06/15/2015,22:00,542.73,544.05,539.21,543.00,1357481,0
06/16/2015,22:00,544.48,546.69,541.57,544.87,1626349,0
06/17/2015,22:00,545.42,548.36,541.81,546.60,1222049,0
06/18/2015,22:00,548.00,557.25,548.00,556.18,2059603,0
06/19/2015,22:00,556.52,557.91,552.26,557.52,2964489,0
06/22/2015,22:00,559.41,565.61,558.91,559.68,1737569,0
06/23/2015,22:00,559.79,564.90,557.15,563.39,1569808,0
06/24/2015,22:00,562.48,562.64,556.81,558.57,1446156,0
06/25/2015,22:00,560.30,563.14,557.46,557.95,1335270,0
06/26/2015,22:00,559.71,560.00,551.85,553.06,2183753,0
06/29/2015,22:00,546.75,550.90,540.24,541.25,1887816,0
06/30/2015,22:00,545.09,545.90,539.54,540.04,1725464,0
07/01/2015,22:00,543.66,545.81,539.76,543.30,1537973,0
07/02/2015,22:00,544.74,548.00,543.57,547.34,1406213,0
07/06/2015,22:00,542.25,548.58,542.09,545.62,1280687,0
07/07/2015,22:00,547.43,551.00,539.85,550.03,1679759,0
07/08/2015,22:00,545.60,548.28,541.20,541.70,1383065,0
07/09/2015,22:00,548.65,548.88,544.62,544.65,1488324,0
07/10/2015,22:00,553.71,559.29,552.00,556.11,2171750,0
07/13/2015,22:00,559.51,572.85,558.70,571.73,2089641,0
07/14/2015,22:00,574.50,589.71,574.17,584.18,3741583,0
07/15/2015,22:00,583.74,588.69,580.21,583.96,2073330,0
07/16/2015,22:00,589.50,604.50,587.92,601.78,5632054,0
07/17/2015,22:00,680.00,703.00,678.00,699.62,12858136,0
07/20/2015,22:00,688.98,697.80,681.77,692.84,5121752,0
07/21/2015,22:00,684.88,705.60,684.15,695.35,3780230,0
07/22/2015,22:00,694.02,713.33,691.62,695.10,4154987,0
07/23/2015,22:00,691.85,696.07,671.59,674.73,3811598,0
07/24/2015,22:00,676.27,677.79,653.18,654.77,4131137,0
07/27/2015,22:00,651.57,667.07,651.55,658.27,2919110,0
07/28/2015,22:00,661.76,664.10,653.41,659.66,1718193,0
07/29/2015,22:00,662.26,663.33,652.84,661.43,1837805,0
07/30/2015,22:00,657.44,668.05,651.69,664.56,1980345,0
07/31/2015,22:00,664.70,665.00,657.20,657.50,1746094,0
08/03/2015,22:00,657.66,666.67,657.66,664.72,1567407,0
08/04/2015,22:00,662.20,668.00,660.51,661.28,1309410,0
08/05/2015,22:00,665.75,679.91,665.58,673.29,1822387,0
08/06/2015,22:00,673.99,674.75,660.73,670.15,2032984,0
08/07/2015,22:00,667.78,668.79,658.87,664.39,1377152,0
08/10/2015,22:00,667.09,671.62,660.23,663.14,1722915,0
08/11/2015,22:00,699.58,704.00,684.32,690.30,5494011,0
08/12/2015,22:00,694.49,696.00,680.51,691.47,2932328,0
08/13/2015,22:00,689.20,694.03,682.18,686.51,1817748,0
08/14/2015,22:00,684.04,692.26,682.90,689.37,1379855,0
08/17/2015,22:00,688.04,694.74,683.06,694.11,1233951,0
08/18/2015,22:00,691.07,695.76,685.32,688.73,1385544,0
08/19/2015,22:00,690.11,700.20,686.80,694.04,2509697,0
08/20/2015,22:00,689.10,696.16,675.28,679.48,2889877,0
08/21/2015,22:00,671.04,672.89,643.10,644.03,4593970,0
08/24/2015,22:00,600.60,644.33,593.09,618.11,6489430,0
08/25/2015,22:00,646.47,647.00,611.67,612.47,3571469,0
08/26/2015,22:00,643.10,662.48,630.37,659.74,4386985,0
08/27/2015,22:00,671.99,673.98,651.10,667.96,2948736,0
08/28/2015,22:00,665.76,667.00,653.75,659.69,1941833,0
08/31/2015,22:00,654.34,664.41,646.35,647.82,1946844,0
09/01/2015,22:00,633.81,644.44,625.06,629.56,2572884,0
09/02/2015,22:00,638.00,645.06,630.64,644.91,1881489,0
09/03/2015,22:00,647.93,651.25,633.81,637.05,1728562,0
09/04/2015,22:00,629.70,634.50,626.50,628.96,2024990,0
09/08/2015,22:00,641.00,645.04,632.90,643.88,1954648,0
09/09/2015,22:00,651.88,657.36,640.90,643.41,2048908,0
09/10/2015,22:00,643.90,654.90,641.70,651.08,1392481,0
09/11/2015,22:00,650.21,655.31,647.41,655.30,1744615,0
09/14/2015,22:00,655.63,655.92,649.50,652.47,1497627,0
09/15/2015,22:00,656.71,668.85,653.34,665.07,1777320,0
09/16/2015,22:00,665.55,668.07,662.20,665.52,1312598,0
09/17/2015,22:00,667.49,681.99,665.00,671.67,2387605,0
09/18/2015,22:00,665.06,669.84,660.03,660.92,3627210,0
09/21/2015,22:00,665.51,669.00,658.00,666.98,1954667,0
09/22/2015,22:00,657.47,658.82,645.03,653.20,2718081,0
09/23/2015,22:00,652.90,660.28,650.73,653.29,1457995,0
09/24/2015,22:00,648.97,656.77,642.16,654.91,1934639,0
09/25/2015,22:00,658.58,658.58,639.66,640.15,2423992,0
09/28/2015,22:00,639.05,642.85,617.84,624.25,2382300,0
09/29/2015,22:00,625.50,634.68,618.03,622.61,2106466,0
09/30/2015,22:00,631.83,639.31,629.15,638.37,2647655,0
10/01/2015,22:00,637.94,643.84,631.11,642.00,2125315,0
10/02/2015,22:00,638.01,658.26,633.50,656.99,2439435,0
10/05/2015,22:00,661.60,673.03,655.87,671.68,1898012,0
10/06/2015,22:00,669.35,678.80,663.08,671.64,2157409,0
10/07/2015,22:00,677.40,678.74,658.11,670.00,2217672,0
10/08/2015,22:00,669.45,671.89,654.49,667.00,1965397,0
10/09/2015,22:00,667.49,674.09,662.36,671.24,1606178,0
10/12/2015,22:00,669.19,677.98,667.24,676.43,1334225,0
10/13/2015,22:00,674.26,688.46,673.11,683.17,2122338,0
10/14/2015,22:00,683.73,690.04,678.90,680.41,1564582,0
10/15/2015,22:00,685.25,694.16,684.39,693.02,2357829,0
10/16/2015,22:00,695.40,696.22,689.10,695.32,1815759,0
10/19/2015,22:00,694.00,700.24,692.21,699.95,1508585,0
10/20/2015,22:00,697.89,698.00,673.68,680.00,2621719,0
10/21/2015,22:00,683.21,684.90,670.70,671.80,1608436,0
10/22/2015,22:00,675.44,688.05,671.70,681.14,4431595,0
10/23/2015,22:00,750.06,752.50,717.94,719.33,6336319,0
10/26/2015,22:00,720.02,734.95,720.02,731.12,2438847,0
10/27/2015,22:00,726.57,735.96,724.14,732.82,1938916,0
10/28/2015,22:00,733.00,737.37,727.27,736.92,1980154,0
10/29/2015,22:00,736.63,746.79,735.16,744.85,1825957,0
10/30/2015,22:00,745.56,746.31,736.53,737.39,1999161,0
11/02/2015,22:00,737.88,748.18,731.45,747.74,1995708,0
11/03/2015,22:00,745.43,751.70,741.16,748.82,1815300,0
11/04/2015,22:00,749.90,759.90,749.20,755.31,2091999,0
11/05/2015,22:00,758.81,766.35,757.47,760.67,2274314,0
11/06/2015,22:00,759.39,763.02,755.03,761.60,1677199,0
11/09/2015,22:00,758.52,763.30,749.11,754.77,1776861,0
11/10/2015,22:00,753.48,760.60,748.41,758.26,1489929,0
11/11/2015,22:00,762.38,769.08,759.75,765.25,2095922,0
11/12/2015,22:00,760.18,765.80,755.86,756.53,1772555,0
11/13/2015,22:00,754.04,755.33,739.47,740.07,2409363,0
11/16/2015,22:00,740.21,751.71,734.33,750.42,2535198,0
11/17/2015,22:00,752.47,754.95,744.05,745.98,1943156,0
11/18/2015,22:00,749.57,761.10,747.39,760.01,1813336,0
11/19/2015,22:00,759.78,763.23,757.23,759.94,1403913,0
11/20/2015,22:00,769.30,779.32,764.10,777.00,2773944,0
11/23/2015,22:00,777.47,782.90,773.51,776.70,1732400,0
11/24/2015,22:00,772.96,775.99,758.11,769.63,2394010,0
11/25/2015,22:00,771.50,773.00,766.53,769.26,1180643,0
11/27/2015,22:00,769.16,774.00,767.00,771.97,722320,0
11/30/2015,22:00,771.87,775.03,761.12,762.85,1679349,0
12/01/2015,22:00,766.94,785.00,765.95,783.79,2019864,0
12/02/2015,22:00,785.25,793.05,776.43,777.85,2343841,0
12/03/2015,22:00,780.56,784.48,762.45,768.20,2097494,0
12/04/2015,22:00,769.71,782.42,765.51,779.21,2489998,0
12/07/2015,22:00,780.06,781.00,766.72,772.99,1831287,0
12/08/2015,22:00,764.50,778.65,762.52,775.14,1554121,0
12/09/2015,22:00,771.10,776.09,752.01,762.55,2327471,0
12/10/2015,22:00,763.59,766.07,755.00,760.04,1622940,0
12/11/2015,22:00,749.00,757.44,748.65,750.42,2159164,0
12/14/2015,22:00,751.26,764.15,736.26,762.54,2708520,0
12/15/2015,22:00,767.79,774.75,758.00,760.09,2469319,0
12/16/2015,22:00,766.57,781.50,757.04,776.59,2656010,0
12/17/2015,22:00,781.16,781.59,769.30,769.83,1825538,0
12/18/2015,22:00,767.23,774.14,756.59,756.85,3389702,0
12/21/2015,22:00,763.05,766.35,754.15,760.80,1742368,0
12/22/2015,22:00,764.27,770.34,761.20,767.13,1816935,0
12/23/2015,22:00,770.69,771.90,757.65,768.51,1529742,0
12/24/2015,22:00,768.52,769.20,764.39,765.84,521141,0
12/28/2015,22:00,770.00,782.82,767.73,782.24,1557755,0
12/29/2015,22:00,786.99,798.69,786.20,793.96,1921480,0
12/30/2015,22:00,793.96,796.46,787.20,790.30,1428280,0
12/31/2015,22:00,787.82,788.33,777.32,778.01,1637561,0
01/04/2016,22:00,762.20,762.20,747.54,759.44,3369068,0
01/05/2016,22:00,764.10,769.20,755.65,761.53,2260795,0
01/06/2016,22:00,750.37,765.73,748.00,759.33,2410301,0
01/07/2016,22:00,746.49,755.31,735.28,741.00,3156563,0
01/08/2016,22:00,747.80,750.12,728.92,730.91,2375348,0
01/11/2016,22:00,731.95,735.08,719.56,733.07,2544806,0
01/12/2016,22:00,740.75,748.34,736.43,745.34,2340753,0
01/13/2016,22:00,749.34,753.00,716.78,719.57,2586395,0
01/14/2016,22:00,724.44,739.89,705.00,731.39,2777868,0
01/15/2016,22:00,709.99,724.16,701.51,710.49,3833751,0
01/19/2016,22:00,720.15,725.35,709.85,719.08,2436220,0
01/20/2016,22:00,705.90,726.95,687.78,718.56,4122010,0
01/21/2016,22:00,720.17,737.67,711.11,726.67,2596916,0
01/22/2016,22:00,742.00,748.56,740.50,745.46,2357315,0
01/25/2016,22:00,743.84,752.46,732.50,733.62,2267031,0
01/26/2016,22:00,736.05,739.46,726.97,733.79,1547049,0
01/27/2016,22:00,735.89,735.89,713.45,717.58,2121434,0
01/28/2016,22:00,738.19,751.16,730.60,748.30,3105222,0
01/29/2016,22:00,748.96,765.10,744.20,761.35,3790395,0
02/01/2016,22:00,771.26,777.59,761.38,770.77,5576089,0
02/02/2016,22:00,800.50,810.35,780.60,780.91,6792331,0
02/03/2016,22:00,786.28,791.43,736.26,749.38,6555731,0
02/04/2016,22:00,744.59,745.24,722.60,730.03,5246123,0
02/05/2016,22:00,725.50,726.72,700.14,703.76,5477821,0
02/08/2016,22:00,687.68,704.52,682.01,704.16,4470514,0
02/09/2016,22:00,692.95,720.96,688.50,701.02,4214950,0
02/10/2016,22:00,711.79,723.22,705.39,706.85,3015733,0
02/11/2016,22:00,696.34,712.32,691.19,706.36,3250206,0
02/12/2016,22:00,712.21,716.00,701.58,706.89,2326889,0
02/16/2016,22:00,718.65,722.88,710.18,717.64,2172213,0
02/17/2016,22:00,727.00,733.76,716.61,731.97,2457715,0
02/18/2016,22:00,733.96,736.00,715.55,717.51,2363846,0
02/19/2016,22:00,715.90,724.03,713.12,722.11,1745940,0
02/22/2016,22:00,729.51,734.84,723.45,729.05,1875824,0
02/23/2016,22:00,726.10,730.90,715.67,717.29,2066566,0
02/24/2016,22:00,710.61,721.22,702.02,720.90,1854612,0
02/25/2016,22:00,722.93,729.51,713.23,729.12,1807258,0
02/26/2016,22:00,733.60,736.16,721.94,724.86,2123690,0
02/29/2016,22:00,721.00,730.60,716.84,717.22,2253426,0
03/01/2016,22:00,721.30,742.33,718.64,742.17,3005553,0
03/02/2016,22:00,742.87,743.12,733.25,739.48,1814643,0
03/03/2016,22:00,739.48,741.00,729.63,731.59,2026700,0
03/04/2016,22:00,734.80,735.00,725.62,730.22,2425750,0
03/07/2016,22:00,725.15,727.21,705.14,712.80,3088278,0
03/08/2016,22:00,708.39,722.25,704.00,713.53,2626495,0
03/09/2016,22:00,715.16,726.24,712.66,725.41,1977169,0
03/10/2016,22:00,727.79,736.54,723.29,732.17,2230811,0
03/11/2016,22:00,739.95,744.90,736.70,744.87,1768995,0
03/14/2016,22:00,744.97,754.26,743.66,750.24,1641189,0
03/15/2016,22:00,746.02,753.01,742.84,750.57,1491578,0
03/16/2016,22:00,749.05,759.00,746.50,757.36,1465285,0
03/17/2016,22:00,757.65,765.34,757.36,758.48,2228244,0
03/18/2016,22:00,761.63,762.14,751.82,755.41,2811518,0
03/21/2016,22:00,753.91,763.34,751.27,762.16,1438658,0
03/22/2016,22:00,758.44,765.00,757.88,760.05,1104784,0
03/23/2016,22:00,763.35,765.39,756.03,757.56,1233854,0
03/24/2016,22:00,751.20,757.55,750.50,754.84,1555844,0
03/28/2016,22:00,756.17,758.30,752.04,753.28,1083823,0
03/29/2016,22:00,753.68,767.18,748.29,765.89,2003061,0
03/30/2016,22:00,768.21,777.31,767.58,768.34,2019755,0
03/31/2016,22:00,768.34,769.08,758.25,762.90,1627669,0
04/01/2016,22:00,757.16,770.04,755.20,769.67,1583698,0
04/04/2016,22:00,769.51,772.44,761.78,765.12,1346424,0
04/05/2016,22:00,758.13,762.87,755.60,758.57,1223905,0
04/06/2016,22:00,757.84,768.42,756.30,768.07,1265577,0
04/07/2016,22:00,766.50,769.36,757.50,760.12,1274852,0
04/08/2016,22:00,765.87,767.13,755.77,759.47,1171867,0
04/11/2016,22:00,764.00,767.22,757.34,757.54,1588692,0
04/12/2016,22:00,758.43,764.92,751.57,764.32,1369358,0
04/13/2016,22:00,770.31,775.75,764.59,771.91,1771308,0
04/14/2016,22:00,775.36,779.61,773.22,775.39,1349610,0
04/15/2016,22:00,775.50,780.93,774.93,780.00,1585584,0
04/18/2016,22:00,780.19,788.55,777.61,787.68,1677015,0
04/19/2016,22:00,790.50,790.95,770.27,776.25,2197615,0
04/20/2016,22:00,779.16,779.66,771.27,774.92,1713088,0
04/21/2016,22:00,777.31,781.68,771.55,780.00,3881420,0
04/22/2016,22:00,743.91,753.92,730.37,737.77,7039948,0
04/25/2016,22:00,735.35,744.88,735.10,742.21,2472061,0
04/26/2016,22:00,744.42,745.59,720.32,725.37,2793210,0
04/27/2016,22:00,725.32,727.15,709.08,721.46,3313137,0
04/28/2016,22:00,723.29,729.26,703.20,705.06,3129502,0
04/29/2016,22:00,704.12,712.11,703.78,707.88,2913898,0
05/02/2016,22:00,712.00,715.41,706.36,714.41,1673820,0
05/03/2016,22:00,712.50,713.37,707.33,708.44,1931040,0
05/04/2016,22:00,706.77,715.05,704.05,711.37,1708609,0
05/05/2016,22:00,715.00,717.55,709.45,714.71,1483357,0
05/06/2016,22:00,712.20,725.99,711.95,725.18,1997628,0
05/09/2016,22:00,726.70,734.29,723.50,729.13,1903689,0
05/10/2016,22:00,734.96,740.00,731.61,739.38,1631714,0
05/11/2016,22:00,740.52,740.80,727.90,730.55,1491746,0
05/12/2016,22:00,732.00,735.37,724.27,728.07,1354717,0
05/13/2016,22:00,726.62,731.29,723.51,724.83,1262161,0
05/16/2016,22:00,724.32,732.68,720.00,730.30,1126862,0
05/17/2016,22:00,731.06,735.85,718.00,720.19,1670176,0
05/18/2016,22:00,718.50,725.57,715.02,721.78,1626800,0
05/19/2016,22:00,718.30,720.50,710.30,715.31,1529910,0
05/20/2016,22:00,716.46,727.70,715.01,721.71,1739895,0
05/23/2016,22:00,719.98,723.50,716.94,717.25,1240826,0
05/24/2016,22:00,719.85,734.20,719.65,733.03,1894161,0
05/25/2016,22:00,735.00,739.89,732.60,738.10,1616624,0
05/26/2016,22:00,736.00,741.10,733.00,736.93,1360119,0
05/27/2016,22:00,737.51,747.91,737.01,747.60,1740130,0
05/31/2016,22:00,747.68,753.48,745.57,748.85,2124248,0
06/01/2016,22:00,748.47,751.37,744.34,748.46,1039847,0
06/02/2016,22:00,746.10,747.30,737.00,744.27,1695824,0
06/03/2016,22:00,741.49,741.49,733.91,735.86,1230376,0
06/06/2016,22:00,738.50,738.50,728.29,730.06,1499648,0
06/07/2016,22:00,733.27,736.71,730.80,731.09,1215741,0
06/08/2016,22:00,739.50,743.81,735.77,742.93,1615727,0
06/09/2016,22:00,737.07,743.93,736.50,742.52,958963,0
06/10/2016,22:00,735.00,739.64,730.51,733.19,1452456,0
06/13/2016,22:00,729.82,739.00,729.82,731.88,1167736,0
06/14/2016,22:00,729.31,736.00,726.50,733.25,1329176,0
06/15/2016,22:00,734.92,737.15,731.31,732.19,1161701,0
06/16/2016,22:00,727.96,730.39,715.54,724.25,2250083,0
06/17/2016,22:00,721.39,721.39,701.12,704.25,4113085,0
06/20/2016,22:00,710.31,715.87,705.41,706.13,2282725,0
06/21/2016,22:00,710.05,715.38,704.66,708.88,1515918,0
06/22/2016,22:00,714.05,714.21,705.88,710.47,1452884,0
06/23/2016,22:00,710.55,714.88,700.25,714.87,2125028,0
06/24/2016,22:00,690.17,705.00,684.91,685.20,4771780,0
06/27/2016,22:00,682.49,683.33,672.66,681.14,2919486,0
06/28/2016,22:00,691.37,692.74,684.85,691.26,1912280,0
06/29/2016,22:00,694.26,699.50,692.68,695.19,2156218,0
06/30/2016,22:00,697.65,703.77,694.90,703.53,2112513,0
07/01/2016,22:00,705.10,712.53,703.73,710.25,1549160,0
07/05/2016,22:00,703.80,708.12,699.13,704.89,1422028,0
07/06/2016,22:00,699.84,713.00,699.00,708.97,1445126,0
07/07/2016,22:00,710.11,710.17,700.67,707.26,1058698,0
07/08/2016,22:00,710.56,717.90,708.11,717.78,1497323,0
07/11/2016,22:00,719.42,728.93,718.86,727.20,1441113,0
07/12/2016,22:00,731.92,735.60,727.50,732.51,1328680,0
07/13/2016,22:00,735.01,735.52,729.02,729.48,1021827,0
07/14/2016,22:00,733.94,736.14,730.59,735.80,1070351,0
07/15/2016,22:00,741.00,741.00,734.64,735.63,1617087,0
07/18/2016,22:00,737.91,755.14,736.51,753.20,1934900,0
07/19/2016,22:00,749.87,756.59,748.49,753.41,1521795,0
07/20/2016,22:00,754.05,760.64,754.05,757.08,1125117,0
07/21/2016,22:00,757.00,758.15,751.52,754.41,953053,0
07/22/2016,22:00,757.32,759.45,752.66,759.28,1046024,0
07/25/2016,22:00,757.68,759.82,754.07,757.52,1073310,0
07/26/2016,22:00,756.59,759.26,752.75,757.65,1189573,0
07/27/2016,22:00,757.97,764.45,755.93,761.97,1608589,0
07/28/2016,22:00,768.84,768.97,759.09,765.84,3673221,0
07/29/2016,22:00,797.71,803.94,790.00,791.34,5090527,0
08/01/2016,22:00,786.67,807.49,785.04,800.94,3029658,0
08/02/2016,22:00,797.33,802.32,794.53,800.12,1996354,0
08/03/2016,22:00,796.47,799.54,793.02,798.92,1461025,0
08/04/2016,22:00,798.24,800.20,793.92,797.25,1076031,0
08/05/2016,22:00,800.11,807.22,797.81,806.93,1807271,0
08/08/2016,22:00,806.00,807.60,801.69,805.23,1221609,0
08/09/2016,22:00,804.49,813.33,804.06,807.48,1607685,0
08/10/2016,22:00,807.05,810.88,806.49,808.49,918514,0
08/11/2016,22:00,810.47,813.88,806.00,808.20,1282274,0
08/12/2016,22:00,805.09,807.19,803.64,807.05,897283,0
08/15/2016,22:00,807.21,811.36,804.03,805.96,930074,0
08/16/2016,22:00,803.50,804.26,797.00,801.19,1057897,0
08/17/2016,22:00,800.00,805.63,796.30,805.42,1066070,0
08/18/2016,22:00,805.36,808.00,801.63,802.75,865160,0
08/19/2016,22:00,799.79,801.23,796.88,799.65,1120763,0
08/22/2016,22:00,798.51,799.30,794.33,796.95,853365,0
08/23/2016,22:00,800.48,801.00,795.99,796.59,917513,0
08/24/2016,22:00,796.86,798.46,790.76,793.60,1284437,0
08/25/2016,22:00,792.00,794.72,787.23,791.30,1202680,0
08/26/2016,22:00,792.49,799.40,789.41,793.22,1248881,0
08/29/2016,22:00,793.05,798.52,790.32,795.82,773698,0
08/30/2016,22:00,793.66,798.00,789.47,791.92,1167413,0
08/31/2016,22:00,789.60,791.57,787.20,789.85,1071420,0
09/01/2016,22:00,791.98,792.89,786.33,791.40,1303460,0
09/02/2016,22:00,795.27,797.10,793.26,796.87,1349896,0
09/06/2016,22:00,798.39,810.89,795.43,808.02,1989537,0
09/07/2016,22:00,807.93,810.60,803.72,807.99,1145724,0
09/08/2016,22:00,805.22,808.42,801.01,802.84,1177660,0
09/09/2016,22:00,798.77,801.75,788.05,788.48,1887633,0
09/12/2016,22:00,784.52,800.17,783.50,798.82,1863737,0
09/13/2016,22:00,794.01,795.79,784.33,788.72,1809044,0
09/14/2016,22:00,788.20,796.33,787.53,790.46,1313912,0
09/15/2016,22:00,790.01,803.65,788.66,801.23,1566360,0
09/16/2016,22:00,799.02,799.02,793.62,797.97,2130571,0
09/19/2016,22:00,801.11,803.99,793.56,795.39,1149522,0
09/20/2016,22:00,800.00,802.75,798.26,799.78,1050041,0
09/21/2016,22:00,801.26,805.91,796.03,805.03,1348476,0
09/22/2016,22:00,810.00,819.06,807.71,815.95,1759290,0
09/23/2016,22:00,815.14,817.00,812.73,814.96,1411673,0
09/26/2016,22:00,809.82,810.08,800.45,802.65,1472732,0
09/27/2016,22:00,804.42,813.49,801.83,810.73,1367271,0
09/28/2016,22:00,805.65,810.25,802.78,810.06,1470280,0
09/29/2016,22:00,807.23,813.91,800.85,802.64,1349974,0
09/30/2016,22:00,803.60,808.09,801.50,804.06,1660201,0
10/03/2016,22:00,802.55,803.54,796.23,800.38,1489212,0
10/04/2016,22:00,805.00,806.50,799.67,802.79,1258706,0
10/05/2016,22:00,806.00,808.50,800.71,801.23,1213820,0
10/06/2016,22:00,804.08,806.95,800.51,803.08,1099909,0
10/07/2016,22:00,805.93,805.94,796.82,800.71,1163899,0
10/10/2016,22:00,803.93,817.38,802.24,814.17,1496115,0
10/11/2016,22:00,814.17,819.86,807.37,809.57,1721575,0
10/12/2016,22:00,811.96,814.50,808.55,811.77,907876,0
10/13/2016,22:00,806.07,806.56,798.62,804.08,1368981,0
10/14/2016,22:00,807.45,810.09,802.32,804.60,1111934,0
10/17/2016,22:00,805.99,813.49,803.83,806.84,1056367,0
10/18/2016,22:00,814.21,828.81,813.33,821.49,2289265,0
10/19/2016,22:00,824.52,829.81,823.21,827.09,1500142,0
10/20/2016,22:00,827.56,828.47,820.55,821.63,1393870,0
10/21/2016,22:00,820.00,824.29,818.31,824.06,1615814,0
10/24/2016,22:00,830.09,837.94,829.04,835.74,1447616,0
10/25/2016,22:00,838.50,838.50,825.30,828.55,1890712,0
10/26/2016,22:00,827.12,827.71,816.35,822.10,1794868,0
10/27/2016,22:00,823.01,826.58,814.61,817.35,2973486,0
10/28/2016,22:00,828.84,839.00,817.00,819.56,4354884,0
10/31/2016,22:00,822.43,822.63,808.00,809.90,2242679,0
11/01/2016,22:00,810.00,813.96,798.26,805.48,2355890,0
11/02/2016,22:00,801.42,806.76,785.00,788.42,2350736,0
11/03/2016,22:00,784.50,790.00,778.63,782.19,2175216,0
11/04/2016,22:00,771.30,788.48,771.00,781.10,1970603,0
11/07/2016,22:00,794.95,805.00,792.90,802.03,1992570,0
11/08/2016,22:00,802.03,816.04,799.62,811.98,1769069,0
11/09/2016,22:00,801.83,811.71,792.03,805.59,3098510,0
11/10/2016,22:00,810.00,810.06,768.23,780.29,5909609,0
11/11/2016,22:00,776.81,777.29,765.54,771.75,3592641,0
11/14/2016,22:00,771.76,771.78,743.59,753.22,3688274,0
11/15/2016,22:00,765.47,780.24,765.22,775.16,2943889,0
11/16/2016,22:00,770.42,783.50,766.33,779.98,1798360,0
11/17/2016,22:00,782.50,788.90,779.85,786.16,1533679,0
11/18/2016,22:00,787.17,791.29,775.35,775.97,1806264,0
11/21/2016,22:00,778.10,786.55,776.30,784.80,1630835,0
11/22/2016,22:00,788.99,793.77,783.74,785.00,1394174,0
11/23/2016,22:00,783.95,789.52,772.65,779.00,1312981,0
11/25/2016,22:00,782.61,782.90,778.19,780.23,613549,0
11/28/2016,22:00,778.35,799.74,778.10,785.79,2575432,0
11/29/2016,22:00,789.71,796.44,785.34,789.44,1561981,0
11/30/2016,22:00,789.10,791.51,773.15,775.88,2279054,0
12/01/2016,22:00,778.55,778.60,753.36,764.33,2867074,0
12/02/2016,22:00,761.90,770.50,759.00,764.46,1718846,0
12/05/2016,22:00,771.00,780.00,766.97,778.22,1688473,0
12/06/2016,22:00,780.19,785.28,773.32,776.18,1734099,0
12/07/2016,22:00,779.95,792.00,773.53,791.47,2029415,0
12/08/2016,22:00,792.95,799.00,787.91,795.17,1612531,0
12/09/2016,22:00,799.30,809.95,798.05,809.45,1904463,0
12/12/2016,22:00,804.82,811.35,804.53,807.90,1628602,0
12/13/2016,22:00,812.39,824.30,811.94,815.34,2128210,0
12/14/2016,22:00,815.92,824.26,812.78,817.89,1799654,0
12/15/2016,22:00,817.36,823.00,812.00,815.65,1769719,0
12/16/2016,22:00,818.31,819.20,808.12,809.84,2598866,0
12/19/2016,22:00,809.28,816.22,804.50,812.50,1263581,0
12/20/2016,22:00,813.37,816.49,811.00,815.20,1271883,0
12/21/2016,22:00,815.72,815.72,805.10,812.20,1459628,0
12/22/2016,22:00,809.10,811.07,806.03,809.68,1132119,0
12/23/2016,22:00,808.01,810.97,805.11,807.80,765537,0
12/27/2016,22:00,808.68,816.00,805.80,809.93,975962,0
12/28/2016,22:00,813.33,813.33,802.44,804.57,1214756,0
12/29/2016,22:00,802.33,805.75,798.14,802.88,1057392,0
12/30/2016,22:00,803.21,803.28,789.62,792.45,1735879,0
01/03/2017,22:00,800.62,811.43,796.89,808.01,1959033,0
01/04/2017,22:00,809.89,813.43,804.11,807.77,1515339,0
01/05/2017,22:00,807.50,813.74,805.92,813.02,1340535,0
01/06/2017,22:00,814.99,828.96,811.50,825.21,2017097,0
01/09/2017,22:00,826.37,830.43,821.62,827.18,1408924,0
01/10/2017,22:00,827.07,829.41,823.14,826.01,1197442,0
01/11/2017,22:00,826.62,829.90,821.47,829.86,1325394,0
01/12/2017,22:00,828.38,830.38,821.01,829.53,1350308,0
01/13/2017,22:00,831.00,834.65,829.52,830.94,1290182,0
01/17/2017,22:00,830.00,830.18,823.20,827.46,1440905,0
01/18/2017,22:00,829.80,829.81,824.08,829.02,1027698,0
01/19/2017,22:00,829.00,833.00,823.96,824.37,1070454,0
01/20/2017,22:00,829.09,829.24,824.60,828.17,1306183,0
01/23/2017,22:00,831.61,845.54,828.70,844.43,2457377,0
01/24/2017,22:00,846.98,851.52,842.28,849.53,1688375,0
01/25/2017,22:00,854.00,858.79,849.74,858.45,1662148,0
01/26/2017,22:00,860.94,861.00,850.52,856.98,3493251,0
01/27/2017,22:00,859.00,867.00,841.90,845.03,3752497,0
01/30/2017,22:00,837.06,837.23,821.03,823.83,3516933,0
01/31/2017,22:00,819.50,823.07,813.40,820.19,2020180,0
02/01/2017,22:00,824.00,824.00,812.25,815.24,2251047,0
02/02/2017,22:00,815.00,824.56,812.05,818.26,1689179,0
02/03/2017,22:00,823.13,826.13,819.35,820.13,1528095,0
02/06/2017,22:00,820.92,822.39,814.29,821.62,1350875,0
02/07/2017,22:00,825.50,831.92,823.29,829.23,1666605,0
02/08/2017,22:00,830.53,834.25,825.11,829.88,1302225,0
02/09/2017,22:00,831.73,831.98,826.50,830.06,1194238,0
02/10/2017,22:00,832.95,837.15,830.51,834.85,1415128,0
02/13/2017,22:00,837.70,841.73,836.25,838.96,1295708,0
02/14/2017,22:00,839.77,842.00,835.83,840.03,1363345,0
02/15/2017,22:00,838.81,841.77,836.22,837.32,1357185,0
02/16/2017,22:00,838.50,842.69,837.26,842.17,1005084,0
02/17/2017,22:00,841.31,846.94,839.78,846.55,1461210,0
02/21/2017,22:00,847.99,852.20,846.55,849.27,1261062,0
02/22/2017,22:00,848.00,853.79,846.71,851.36,1224889,0
02/23/2017,22:00,851.08,852.62,842.50,851.00,1386681,0
02/24/2017,22:00,847.65,848.36,842.96,847.81,1346189,0
02/27/2017,22:00,844.95,850.67,843.01,849.67,1010333,0
02/28/2017,22:00,847.35,848.83,841.44,844.93,1383119,0
03/01/2017,22:00,851.38,858.00,849.02,856.75,1818671,0
03/02/2017,22:00,856.31,856.49,848.72,849.85,1250938,0
03/03/2017,22:00,848.94,850.82,844.71,849.08,1006612,0
03/06/2017,22:00,846.86,848.94,841.17,847.27,1047872,0
03/07/2017,22:00,847.26,853.33,845.52,851.15,1038696,0
03/08/2017,22:00,853.12,856.93,851.25,853.64,1029834,0
03/09/2017,22:00,853.69,860.71,852.67,857.84,1347697,0
03/10/2017,22:00,862.70,864.23,857.61,861.41,1336585,0
03/13/2017,22:00,860.83,867.13,860.82,864.58,1166605,0
03/14/2017,22:00,863.75,867.58,860.13,865.91,1061692,0
03/15/2017,22:00,867.94,869.88,861.29,868.39,1332885,0
03/16/2017,22:00,870.53,872.71,867.52,870.00,1104452,0
03/17/2017,22:00,873.68,874.42,868.37,872.37,1868252,0
03/20/2017,22:00,869.48,870.34,864.66,867.91,1542199,0
03/21/2017,22:00,870.06,873.47,847.69,850.14,2537978,0
03/22/2017,22:00,849.48,855.35,847.00,849.80,1366749,0
03/23/2017,22:00,840.44,841.69,833.00,839.65,3287669,0
03/24/2017,22:00,842.00,844.00,829.10,835.14,2105682,0
03/27/2017,22:00,828.09,841.38,824.30,838.51,1935211,0
03/28/2017,22:00,839.69,845.40,832.27,840.63,1519202,0
03/29/2017,22:00,842.75,851.59,841.38,849.87,1457347,0
03/30/2017,22:00,851.98,852.00,846.77,849.48,949398,0
03/31/2017,22:00,846.83,849.56,845.24,847.80,1440982,0
04/03/2017,22:00,848.75,859.00,847.53,856.75,1969402,0
04/04/2017,22:00,848.00,853.00,847.51,852.57,1348494,0
04/05/2017,22:00,854.71,860.59,847.52,848.91,1855153,0
04/06/2017,22:00,849.50,853.59,844.00,845.09,1533564,0
04/07/2017,22:00,845.00,845.88,837.30,842.10,1111610,0
04/10/2017,22:00,841.54,846.74,840.79,841.70,1046215,0
04/11/2017,22:00,841.70,844.63,834.60,839.88,974343,0
04/12/2017,22:00,838.46,843.72,837.59,841.46,1135775,0
04/13/2017,22:00,841.04,843.73,837.85,840.18,1073650,0
04/17/2017,22:00,841.38,855.64,841.03,855.13,1049125,0
04/18/2017,22:00,852.54,857.39,851.25,853.99,936201,0
04/19/2017,22:00,857.39,860.20,853.53,856.51,1080336,0
04/20/2017,22:00,859.74,863.93,857.50,860.08,1188843,0
04/21/2017,22:00,860.62,862.44,857.73,858.95,1172870,0
04/24/2017,22:00,868.44,879.96,866.11,878.93,1696483,0
04/25/2017,22:00,882.26,892.25,879.28,888.84,2038032,0
04/26/2017,22:00,891.39,892.99,885.15,889.14,1323297,0
04/27/2017,22:00,890.00,893.38,887.18,891.44,2342303,0
04/28/2017,22:00,927.00,935.90,923.22,924.52,3845857,0
05/01/2017,22:00,923.13,935.82,920.80,932.82,2327782,0
05/02/2017,22:00,932.00,942.98,931.00,937.09,1751292,0
05/03/2017,22:00,936.05,950.20,935.21,948.45,1824759,0
05/04/2017,22:00,950.29,959.14,947.37,954.72,1938260,0
05/05/2017,22:00,956.72,958.44,948.10,950.28,1615548,0
05/08/2017,22:00,947.45,960.99,947.40,958.69,1876690,0
05/09/2017,22:00,961.33,962.20,954.40,956.71,1687942,0
05/10/2017,22:00,956.22,956.71,949.84,954.84,1145969,0
05/11/2017,22:00,951.29,957.99,948.61,955.89,1031093,0
05/12/2017,22:00,957.85,957.98,952.06,955.14,1214851,0
05/15/2017,22:00,955.29,962.70,952.82,959.22,1337697,0
05/16/2017,22:00,963.55,965.90,960.35,964.61,1101544,0
05/17/2017,22:00,959.70,960.99,940.06,942.17,2449058,0
05/18/2017,22:00,943.20,954.18,941.27,950.50,1800465,0
05/19/2017,22:00,952.82,959.56,952.00,954.65,1360299,0
05/22/2017,22:00,957.00,964.82,956.56,964.07,1387392,0
05/23/2017,22:00,969.96,974.51,964.50,970.55,1545421,0
05/24/2017,22:00,975.26,978.11,971.63,977.61,1142488,0
05/25/2017,22:00,979.00,995.78,977.82,991.86,1954149,0
05/26/2017,22:00,992.00,996.39,987.36,993.27,1636416,0
05/30/2017,22:00,992.50,997.62,991.36,996.17,1516685,0
05/31/2017,22:00,996.21,999.60,981.68,987.09,1724095,0
06/01/2017,22:00,990.96,993.14,981.29,988.29,1306384,0
06/02/2017,22:00,989.28,996.48,987.07,996.12,1735469,0
06/05/2017,22:00,997.89,1007.40,995.45,1003.88,1378916,0
06/06/2017,22:00,1003.31,1008.61,994.80,996.68,1552114,0
06/07/2017,22:00,998.82,1003.91,995.81,1001.59,1374097,0
06/08/2017,22:00,1004.23,1005.60,996.62,1004.28,1687925,0
06/09/2017,22:00,1005.49,1005.50,953.37,970.12,3647857,0
06/12/2017,22:00,958.72,968.00,936.79,961.81,4202109,0
06/13/2017,22:00,972.04,977.91,962.01,970.50,2005356,0
06/14/2017,22:00,975.50,979.70,959.51,967.93,1505486,0
06/15/2017,22:00,948.02,960.68,940.37,960.18,2427639,0
06/16/2017,22:00,957.91,959.95,948.70,958.62,2559207,0
06/19/2017,22:00,969.65,979.30,968.20,975.22,1468837,0
06/20/2017,22:00,975.31,980.79,968.20,968.99,1297287,0
06/21/2017,22:00,970.79,979.67,969.16,978.59,1161607,0
06/22/2017,22:00,976.87,980.50,973.31,976.62,1009476,0
06/23/2017,22:00,975.50,986.62,974.46,986.09,1563985,0
06/26/2017,22:00,990.00,993.99,970.33,972.09,1517912,0
06/27/2017,22:00,961.60,967.22,947.09,948.09,2443602,0
06/28/2017,22:00,950.66,963.24,936.16,961.01,2745568,0
06/29/2017,22:00,951.35,951.66,929.60,937.82,3206674,0
06/30/2017,22:00,943.99,945.00,929.61,929.68,2287662,0
07/03/2017,22:00,933.22,934.24,915.31,919.46,1694811,0
07/05/2017,22:00,924.20,936.29,918.63,932.26,2094055,0
07/06/2017,22:00,925.00,936.14,919.85,927.69,2014855,0
07/07/2017,22:00,930.98,944.66,929.79,940.81,1663302,0
07/10/2017,22:00,941.95,953.13,941.95,951.00,1451460,0
07/11/2017,22:00,950.52,954.89,945.12,953.53,1461247,0
07/12/2017,22:00,960.86,969.63,957.04,967.66,1602115,0
07/13/2017,22:00,970.80,978.70,964.80,968.85,1524571,0
07/14/2017,22:00,974.00,977.54,970.15,976.91,1079608,0
07/17/2017,22:00,978.50,983.35,970.80,975.96,1660464,0
07/18/2017,22:00,973.36,990.85,972.04,986.95,1413335,0
07/19/2017,22:00,990.01,995.60,987.01,992.77,1412148,0
07/20/2017,22:00,997.00,998.68,984.62,992.19,1418385,0
07/21/2017,22:00,989.00,995.11,984.17,993.84,1463322,0
07/24/2017,22:00,994.10,1006.19,990.27,998.31,3984532,0
07/25/2017,22:00,970.70,976.73,963.80,969.03,5933602,0
07/26/2017,22:00,972.78,973.95,960.23,965.31,2221625,0
07/27/2017,22:00,969.18,969.52,937.06,952.51,3717900,0
07/28/2017,22:00,947.99,961.79,945.31,958.33,1813794,0
07/31/2017,22:00,960.00,961.19,941.72,945.50,2293389,0
08/01/2017,22:00,949.44,954.49,944.96,946.56,1332456,0
08/02/2017,22:00,947.79,949.10,932.52,947.64,2039418,0
08/03/2017,22:00,949.10,950.00,939.44,940.30,1123921,0
08/04/2017,22:00,943.95,947.54,939.79,945.79,1254574,0
08/07/2017,22:00,947.52,948.96,943.50,945.75,1445754,0
08/08/2017,22:00,944.29,952.49,942.48,944.19,1505064,0
08/09/2017,22:00,938.45,943.76,933.92,940.08,1400852,0
08/10/2017,22:00,935.00,936.30,921.78,923.59,2707393,0
08/11/2017,22:00,923.71,933.36,921.22,930.09,1616708,0
08/14/2017,22:00,939.07,941.04,934.48,938.93,1150612,0
08/15/2017,22:00,941.03,943.07,936.64,938.08,1106484,0
08/16/2017,22:00,941.70,949.90,940.04,944.27,1345261,0
08/17/2017,22:00,942.95,943.81,927.64,927.66,1695694,0
08/18/2017,22:00,926.98,931.02,923.45,926.18,1337404,0
08/21/2017,22:00,925.77,928.25,918.60,920.87,1301243,0
08/22/2017,22:00,926.96,941.96,926.17,940.40,1775099,0
08/23/2017,22:00,937.00,945.42,935.24,942.58,1134464,0
08/24/2017,22:00,943.71,946.31,930.74,936.89,1294559,0
08/25/2017,22:00,939.21,940.73,930.10,930.50,1187313,0
08/28/2017,22:00,931.88,934.85,926.11,928.13,1049397,0
08/29/2017,22:00,919.95,938.19,919.31,935.75,1158576,0
08/30/2017,22:00,935.67,945.86,934.05,943.63,1120342,0
08/31/2017,22:00,946.30,957.20,946.25,955.24,1693313,0
09/01/2017,22:00,957.47,958.33,950.28,951.99,1042885,0
09/05/2017,22:00,946.86,951.39,935.60,941.48,1460830,0
09/06/2017,22:00,943.87,944.50,932.68,942.02,1391529,0
09/07/2017,22:00,944.25,950.50,937.53,949.89,1116575,0
09/08/2017,22:00,949.70,950.70,940.01,941.41,999916,0
09/11/2017,22:00,947.20,952.68,941.00,943.29,1337365,0
09/12/2017,22:00,946.92,948.09,937.50,946.65,1284787,0
09/13/2017,22:00,945.50,952.85,944.74,950.44,1095382,0
09/14/2017,22:00,946.00,948.03,938.36,940.13,1427379,0
09/15/2017,22:00,940.09,941.75,931.25,935.29,1994265,0
09/18/2017,22:00,935.01,936.86,925.40,929.75,1473651,0
09/19/2017,22:00,933.41,937.94,926.66,936.86,1242726,0
09/20/2017,22:00,937.73,950.00,937.50,947.54,2004018,0
09/21/2017,22:00,948.13,952.80,939.38,947.55,1370685,0
09/22/2017,22:00,942.77,950.00,940.84,943.26,1074806,0
09/25/2017,22:00,939.45,939.75,924.51,934.28,1873375,0
09/26/2017,22:00,936.69,944.08,935.12,937.43,1672749,0
09/27/2017,22:00,942.74,965.43,941.95,959.90,2334635,0
09/28/2017,22:00,956.25,966.18,955.55,964.81,1400931,0
09/29/2017,22:00,966.00,975.81,966.00,973.72,2031092,0
10/02/2017,22:00,975.65,977.74,961.95,967.47,1539122,0
10/03/2017,22:00,967.56,972.44,962.71,972.08,1083948,0
10/04/2017,22:00,971.76,974.40,965.61,966.78,1057769,0
10/05/2017,22:00,972.79,986.51,970.27,985.19,1780946,0
10/06/2017,22:00,980.00,994.26,978.51,993.64,1553033,0
10/09/2017,22:00,995.00,1000.46,991.50,992.31,1295467,0
10/10/2017,22:00,995.30,997.47,981.11,987.80,1163400,0
10/11/2017,22:00,989.04,1007.57,987.94,1005.65,1814999,0
10/12/2017,22:00,1003.84,1011.54,1001.10,1005.65,1530664,0
10/13/2017,22:00,1009.11,1014.76,1007.06,1007.87,1327632,0
10/16/2017,22:00,1009.63,1012.00,1001.52,1009.35,1071023,0
10/17/2017,22:00,1007.44,1014.56,1006.05,1011.00,1012998,0
10/18/2017,22:00,1011.05,1016.31,1005.32,1012.74,1279780,0
10/19/2017,22:00,1004.75,1007.32,997.30,1001.84,1714243,0
10/20/2017,22:00,1007.05,1008.65,1002.27,1005.07,1606031,0
10/23/2017,22:00,1005.18,1005.79,983.10,985.54,1639294,0
10/24/2017,22:00,986.50,989.26,977.08,988.49,1445129,0
10/25/2017,22:00,986.27,994.43,977.72,991.46,1528710,0
10/26/2017,22:00,998.47,1006.51,990.47,991.42,2369838,0
10/27/2017,22:00,1030.99,1063.62,1026.85,1033.67,5184143,0
10/30/2017,22:00,1029.16,1039.83,1022.33,1033.13,2340172,0
10/31/2017,22:00,1033.00,1041.00,1026.30,1033.04,1516278,0
11/01/2017,22:00,1036.31,1047.86,1034.00,1042.59,2163073,0
11/02/2017,22:00,1039.99,1045.52,1028.66,1042.97,1334697,0
11/03/2017,22:00,1042.75,1050.66,1037.65,1049.99,1388461,0
11/06/2017,22:00,1049.10,1052.59,1042.00,1042.68,914748,0
11/07/2017,22:00,1049.65,1053.41,1043.00,1052.39,1305229,0
11/08/2017,22:00,1050.05,1062.69,1047.05,1058.29,1214600,0
11/09/2017,22:00,1048.00,1050.88,1035.85,1047.72,1794575,0
11/10/2017,22:00,1043.87,1046.63,1041.22,1044.15,972127,0
11/13/2017,22:00,1040.80,1048.74,1039.26,1041.20,940721,0
11/14/2017,22:00,1037.72,1042.30,1029.33,1041.64,1050566,0
11/15/2017,22:00,1035.00,1039.63,1030.76,1036.41,905262,0
11/16/2017,22:00,1038.75,1051.76,1038.00,1048.47,1188392,0
11/17/2017,22:00,1049.80,1051.00,1033.73,1035.89,1335610,0
11/20/2017,22:00,1036.00,1038.69,1032.68,1034.66,876321,0
11/21/2017,22:00,1040.04,1050.39,1039.14,1050.30,1110341,0
11/22/2017,22:00,1051.16,1055.43,1047.25,1051.92,726898,0
11/24/2017,22:00,1054.39,1060.07,1051.92,1056.52,825369,0
11/27/2017,22:00,1058.57,1073.04,1054.77,1072.01,1771491,0
11/28/2017,22:00,1073.99,1080.00,1054.54,1063.29,1821171,0
11/29/2017,22:00,1056.18,1058.77,1029.65,1037.38,2793332,0
11/30/2017,22:00,1039.94,1044.14,1030.07,1036.17,2254590,0
12/01/2017,22:00,1030.41,1037.24,1016.90,1025.07,1888081,0
12/04/2017,22:00,1027.80,1031.34,1009.22,1011.87,1938861,0
12/05/2017,22:00,1010.99,1036.68,1002.32,1019.60,1949865,0
12/06/2017,22:00,1016.52,1039.58,1015.31,1032.72,1435549,0
12/07/2017,22:00,1036.07,1048.92,1035.36,1044.57,1543285,0
12/08/2017,22:00,1051.81,1056.42,1045.86,1049.38,1558472,0
12/11/2017,22:00,1051.11,1056.00,1044.12,1051.97,1162694,0
12/12/2017,22:00,1050.00,1062.50,1044.87,1048.77,1694061,0
12/13/2017,22:00,1052.08,1055.48,1046.58,1051.39,1384038,0
12/14/2017,22:00,1055.49,1067.08,1053.59,1057.47,1548139,0
12/15/2017,22:00,1063.78,1075.25,1060.09,1072.00,3187985,0
12/18/2017,22:00,1076.45,1086.49,1070.37,1085.09,1514601,0
12/19/2017,22:00,1083.02,1084.97,1072.27,1079.78,1317519,0
12/20/2017,22:00,1080.92,1081.23,1068.60,1073.56,1436391,0
12/21/2017,22:00,1075.39,1077.52,1069.00,1070.85,1282025,0
12/22/2017,22:00,1070.00,1071.72,1067.64,1068.86,889446,0
12/26/2017,22:00,1068.64,1068.86,1058.64,1065.85,918767,0
12/27/2017,22:00,1066.60,1068.27,1058.38,1060.20,1116203,0
12/28/2017,22:00,1062.25,1064.84,1053.38,1055.95,994249,0
12/29/2017,22:00,1055.49,1058.05,1052.70,1053.40,1180340,0
