"Date","Time","Open","High","Low","Close","Vol","OI"
01/02/2013,22:00,35.00,35.45,34.71,35.36,1194710,0
01/03/2013,22:00,35.18,35.45,34.75,34.77,741941,0
01/04/2013,22:00,34.80,34.80,33.92,34.40,673993,0
01/07/2013,22:00,34.80,34.80,33.90,34.34,441909,0
01/08/2013,22:00,34.50,34.50,33.11,33.68,1283985,0
01/09/2013,22:00,34.01,34.19,33.40,33.64,697979,0
01/10/2013,22:00,33.87,33.99,33.38,33.53,922405,0
01/11/2013,22:00,34.04,34.04,32.11,32.91,1563274,0
01/14/2013,22:00,33.08,33.38,32.85,33.26,925018,0
01/15/2013,22:00,33.11,34.25,33.08,33.90,1624389,0
01/16/2013,22:00,33.85,34.23,33.73,34.10,1378138,0
01/17/2013,22:00,34.16,34.85,33.92,34.38,1436604,0
01/18/2013,22:00,34.74,34.78,33.82,34.52,3555074,0
01/22/2013,22:00,34.56,35.55,34.26,35.19,1920131,0
01/23/2013,22:00,35.02,36.24,34.96,36.00,1564206,0
01/24/2013,22:00,36.00,37.72,35.84,36.99,1970389,0
01/25/2013,22:00,37.00,37.54,36.80,36.98,1287703,0
01/28/2013,22:00,36.86,38.71,36.86,38.03,1985992,0
01/29/2013,22:00,38.10,38.44,37.13,37.95,1426503,0
01/30/2013,22:00,37.85,38.00,37.43,37.52,968098,0
01/31/2013,22:00,37.87,37.87,36.93,37.51,901318,0
02/01/2013,22:00,38.17,38.50,37.62,38.30,1100590,0
02/04/2013,22:00,38.40,38.42,37.59,37.74,1127989,0
02/05/2013,22:00,38.00,38.65,37.68,38.13,1310192,0
02/06/2013,22:00,38.20,39.39,37.90,39.17,1893148,0
02/07/2013,22:00,39.19,39.68,38.95,39.48,1197521,0
02/08/2013,22:00,39.45,40.00,39.14,39.24,1139733,0
02/11/2013,22:00,37.98,39.15,37.50,38.42,3266248,0
02/12/2013,22:00,38.45,38.87,37.29,37.89,2261246,0
02/13/2013,22:00,38.30,39.00,38.05,38.45,967102,0
02/14/2013,22:00,38.64,38.75,38.21,38.30,990640,0
02/15/2013,22:00,38.50,38.51,36.95,37.04,2018269,0
02/19/2013,22:00,37.36,39.29,37.31,39.28,2701340,0
02/20/2013,22:00,39.30,39.65,38.46,38.54,3121910,0
02/21/2013,22:00,36.49,37.39,34.54,35.16,9038212,0
02/22/2013,22:00,35.72,36.39,35.60,36.11,2547831,0
02/25/2013,22:00,36.15,36.75,34.34,34.38,2890772,0
02/26/2013,22:00,34.57,34.96,33.80,34.43,2763050,0
02/27/2013,22:00,34.41,35.41,34.40,35.10,1959129,0
02/28/2013,22:00,35.89,36.10,34.37,34.83,1964893,0
03/01/2013,22:00,35.00,35.08,34.25,34.65,1546600,0
03/04/2013,22:00,34.77,35.83,34.70,35.58,1757660,0
03/05/2013,22:00,36.00,36.92,35.79,36.65,2086969,0
03/06/2013,22:00,37.01,37.88,36.97,37.69,1149925,0
03/07/2013,22:00,37.73,38.65,36.88,38.23,1158354,0
03/08/2013,22:00,38.06,39.44,37.36,38.47,912052,0
03/11/2013,22:00,38.87,39.44,38.65,39.10,1579440,0
03/12/2013,22:00,38.90,39.38,38.85,39.12,1275062,0
03/13/2013,22:00,39.00,39.49,38.81,38.98,821986,0
03/14/2013,22:00,38.90,38.91,36.77,36.85,2024459,0
03/15/2013,22:00,36.64,36.65,35.21,35.29,3279777,0
03/18/2013,22:00,35.30,36.06,34.92,35.15,1316336,0
03/19/2013,22:00,35.25,35.60,34.94,35.08,1098475,0
03/20/2013,22:00,35.26,36.07,35.16,35.95,1423684,0
03/21/2013,22:00,35.95,37.06,35.74,36.01,1146287,0
03/22/2013,22:00,36.20,36.80,36.20,36.62,446235,0
03/25/2013,22:00,37.10,38.52,36.77,37.53,2379354,0
03/26/2013,22:00,37.90,38.22,37.66,37.86,1808137,0
03/27/2013,22:00,37.94,38.38,37.31,38.16,1296283,0
03/28/2013,22:00,38.23,38.24,37.75,37.89,1158652,0
04/01/2013,22:00,42.36,46.68,41.70,43.93,14105873,0
04/02/2013,22:00,43.60,45.50,43.51,44.34,6652374,0
04/03/2013,22:00,43.10,43.47,40.21,41.10,5644995,0
04/04/2013,22:00,41.11,42.25,40.81,42.01,2264867,0
04/05/2013,22:00,42.00,42.00,40.50,41.37,1552389,0
04/08/2013,22:00,41.97,42.55,41.51,41.83,1679001,0
04/09/2013,22:00,41.80,41.83,40.33,40.50,1696036,0
04/10/2013,22:00,40.70,42.01,40.61,41.86,2121088,0
04/11/2013,22:00,42.06,44.55,41.75,43.59,3448081,0
04/12/2013,22:00,43.25,45.14,43.05,43.75,3149372,0
04/15/2013,22:00,43.50,43.80,42.51,43.30,1685984,0
04/16/2013,22:00,44.19,46.14,43.91,45.59,3180438,0
04/17/2013,22:00,45.50,45.95,44.54,45.45,2118428,0
04/18/2013,22:00,45.98,47.60,45.39,46.97,3368700,0
04/19/2013,22:00,47.98,49.88,47.07,47.83,3012136,0
04/22/2013,22:00,48.60,50.20,47.75,50.19,3939327,0
04/23/2013,22:00,51.00,52.92,50.66,51.01,3737550,0
04/24/2013,22:00,50.90,51.05,48.98,50.43,2630108,0
04/25/2013,22:00,50.50,52.40,50.50,52.00,2796207,0
04/26/2013,22:00,53.00,53.74,50.62,51.20,3622430,0
04/29/2013,22:00,51.76,54.99,51.20,54.94,3642206,0
04/30/2013,22:00,56.00,58.18,53.76,53.99,5523948,0
05/01/2013,22:00,55.99,55.99,53.00,53.28,2742778,0
05/02/2013,22:00,53.85,55.27,53.70,54.11,3052333,0
05/03/2013,22:00,56.47,56.47,54.50,54.55,3379403,0
05/06/2013,22:00,56.39,59.66,55.50,59.50,4372799,0
05/07/2013,22:00,62.00,62.37,55.12,55.51,9994549,0
05/08/2013,22:00,57.50,58.20,55.71,55.79,6769859,0
05/09/2013,22:00,70.12,75.77,63.69,69.40,28604970,0
05/10/2013,22:00,69.65,81.00,69.25,76.76,25086430,0
05/13/2013,22:00,80.99,88.00,79.15,87.80,22416815,0
05/14/2013,22:00,94.22,97.12,81.15,83.24,37163898,0
05/15/2013,22:00,81.80,86.88,78.11,84.84,16878700,0
05/16/2013,22:00,94.70,95.00,88.66,92.25,21614002,0
05/17/2013,22:00,92.50,94.44,87.50,91.50,19008450,0
05/20/2013,22:00,91.12,92.50,88.63,89.94,8348331,0
05/21/2013,22:00,88.50,89.99,85.28,87.59,9001763,0
05/22/2013,22:00,86.37,90.96,85.50,87.24,8573776,0
05/23/2013,22:00,84.81,93.01,83.05,92.73,12044257,0
05/24/2013,22:00,92.60,97.95,92.00,97.08,16124194,0
05/28/2013,22:00,101.55,110.75,100.30,110.33,19691824,0
05/29/2013,22:00,113.55,114.90,99.00,104.63,25099480,0
05/30/2013,22:00,102.46,109.54,101.20,104.95,16140554,0
05/31/2013,22:00,106.26,106.44,97.73,97.76,15171929,0
06/03/2013,22:00,97.62,97.62,88.25,92.59,19143475,0
06/04/2013,22:00,92.75,96.42,92.40,94.84,8856045,0
06/05/2013,22:00,93.66,97.97,89.11,95.37,12224731,0
06/06/2013,22:00,95.25,99.27,95.11,97.35,9514406,0
06/07/2013,22:00,98.00,102.90,96.70,102.04,10717217,0
06/10/2013,22:00,98.93,102.52,98.57,100.05,9234215,0
06/11/2013,22:00,98.42,98.68,94.05,94.47,7396040,0
06/12/2013,22:00,96.80,100.48,95.75,97.73,9197523,0
06/13/2013,22:00,99.00,99.28,95.12,98.18,5965124,0
06/14/2013,22:00,100.00,102.52,99.33,100.30,6567421,0
06/17/2013,22:00,103.60,104.75,101.20,102.20,7075640,0
06/18/2013,22:00,101.75,103.98,99.20,103.39,8803563,0
06/19/2013,22:00,102.06,106.67,102.01,104.68,8588734,0
06/20/2013,22:00,104.65,107.13,99.45,100.65,10111221,0
06/21/2013,22:00,103.70,103.70,97.50,99.55,11718527,0
06/24/2013,22:00,96.50,102.87,95.30,101.49,7127020,0
06/25/2013,22:00,103.10,104.20,100.55,102.40,5850832,0
06/26/2013,22:00,103.80,105.87,102.66,105.72,6610159,0
06/27/2013,22:00,106.75,110.25,106.13,109.25,8750826,0
06/28/2013,22:00,108.57,109.44,106.71,107.36,5750431,0
07/01/2013,22:00,109.36,117.77,109.15,117.18,10903601,0
07/02/2013,22:00,118.25,121.89,115.50,117.82,12070315,0
07/03/2013,22:00,118.00,119.25,114.27,115.24,4784037,0
07/05/2013,22:00,118.32,120.28,115.70,120.09,6827497,0
07/08/2013,22:00,121.37,122.18,118.82,121.61,7820816,0
07/09/2013,22:00,124.64,125.32,121.91,123.45,8603207,0
07/10/2013,22:00,123.19,123.25,120.79,122.27,5600012,0
07/11/2013,22:00,124.88,126.09,122.35,125.61,7486958,0
07/12/2013,22:00,125.50,129.94,124.51,129.90,11349186,0
07/15/2013,22:00,133.03,133.26,126.82,127.26,9924336,0
07/16/2013,22:00,126.28,126.32,107.30,109.05,32371868,0
07/17/2013,22:00,106.52,121.62,104.50,120.25,26028947,0
07/18/2013,22:00,120.97,122.73,116.18,119.03,11407358,0
07/19/2013,22:00,118.50,120.55,116.51,119.68,5891439,0
07/22/2013,22:00,119.89,126.68,119.88,122.43,9804810,0
07/23/2013,22:00,124.00,125.56,121.82,122.74,7740469,0
07/24/2013,22:00,124.47,124.50,119.56,121.70,6871372,0
07/25/2013,22:00,120.50,124.75,120.19,124.07,5287144,0
07/26/2013,22:00,128.14,130.68,126.61,129.39,9640703,0
07/29/2013,22:00,129.32,135.37,128.25,134.62,9686072,0
07/30/2013,22:00,134.80,137.49,128.18,131.74,13130267,0
07/31/2013,22:00,132.57,134.98,131.45,134.28,6351637,0
08/01/2013,22:00,135.00,136.52,132.63,135.55,5323599,0
08/02/2013,22:00,134.59,138.25,133.61,138.00,6269838,0
08/05/2013,22:00,140.01,144.89,139.65,144.68,10200629,0
08/06/2013,22:00,144.75,145.73,141.10,142.15,9261092,0
08/07/2013,22:00,141.89,141.95,132.36,134.23,18212138,0
08/08/2013,22:00,154.35,158.88,150.46,153.48,27246763,0
08/09/2013,22:00,152.40,155.95,151.25,153.00,8936029,0
08/12/2013,22:00,149.43,150.50,142.05,147.38,14912175,0
08/13/2013,22:00,149.50,149.84,144.45,145.43,8748863,0
08/14/2013,22:00,142.72,144.84,138.05,139.36,11693743,0
08/15/2013,22:00,136.43,143.60,135.00,139.67,10188877,0
08/16/2013,22:00,141.63,143.91,140.97,142.00,7108086,0
08/19/2013,22:00,143.43,147.38,142.83,144.90,8037640,0
08/20/2013,22:00,148.65,149.78,147.00,149.58,6418108,0
08/21/2013,22:00,150.00,150.31,146.25,147.86,6266262,0
08/22/2013,22:00,149.22,157.48,148.14,157.10,10592391,0
08/23/2013,22:00,156.90,162.30,155.00,161.84,12931842,0
08/26/2013,22:00,165.15,173.00,160.25,164.22,24171096,0
08/27/2013,22:00,162.30,168.80,160.95,167.01,17566816,0
08/28/2013,22:00,169.06,171.50,163.25,166.45,14740006,0
08/29/2013,22:00,164.21,167.75,162.51,166.06,9445720,0
08/30/2013,22:00,166.37,169.21,163.96,169.00,11028358,0
09/03/2013,22:00,173.40,173.70,166.40,168.94,12061100,0
09/04/2013,22:00,169.77,171.62,165.56,170.62,11475647,0
09/05/2013,22:00,170.10,171.50,168.25,169.93,6693202,0
09/06/2013,22:00,168.57,169.70,165.15,166.97,8619630,0
09/09/2013,22:00,163.12,164.50,158.51,160.70,14344473,0
09/10/2013,22:00,161.45,167.50,160.63,166.37,8967786,0
09/11/2013,22:00,166.41,167.90,162.13,163.52,5832476,0
09/12/2013,22:00,164.00,166.76,160.51,164.93,6159993,0
09/13/2013,22:00,162.77,166.37,162.16,165.54,5409888,0
09/16/2013,22:00,168.00,170.85,165.85,166.58,7592598,0
09/17/2013,22:00,165.08,168.42,163.36,166.23,5500719,0
09/18/2013,22:00,167.07,167.45,164.20,166.22,5439615,0
09/19/2013,22:00,170.80,180.47,169.08,177.92,15594568,0
09/20/2013,22:00,178.90,185.83,178.56,183.39,13401689,0
09/23/2013,22:00,184.48,185.48,177.11,181.11,8191841,0
09/24/2013,22:00,179.14,184.96,177.65,182.33,6282431,0
09/25/2013,22:00,183.56,186.30,180.50,185.24,8252621,0
09/26/2013,22:00,186.70,189.68,185.61,188.64,6621592,0
09/27/2013,22:00,187.52,191.28,186.43,190.90,5923881,0
09/30/2013,22:00,189.00,194.50,188.00,193.37,8934541,0
10/01/2013,22:00,193.96,194.23,188.37,193.00,7761429,0
10/02/2013,22:00,188.59,191.83,175.40,180.95,20775410,0
10/03/2013,22:00,175.04,179.69,168.00,173.31,23816504,0
10/04/2013,22:00,176.40,181.18,172.65,180.98,14413965,0
10/07/2013,22:00,182.46,186.73,180.26,183.07,11485579,0
10/08/2013,22:00,184.40,185.93,173.21,174.73,13757218,0
10/09/2013,22:00,174.73,174.99,161.50,168.78,15316481,0
10/10/2013,22:00,173.09,175.75,169.69,172.93,8883910,0
10/11/2013,22:00,172.75,179.29,171.20,178.70,8311086,0
10/14/2013,22:00,175.00,182.50,174.15,179.72,7769630,0
10/15/2013,22:00,185.28,188.79,183.18,183.94,10978536,0
10/16/2013,22:00,184.90,187.30,182.09,183.56,8205367,0
10/17/2013,22:00,183.54,184.80,180.99,182.80,6704968,0
10/18/2013,22:00,184.15,185.96,182.52,183.40,5930815,0
10/21/2013,22:00,183.28,183.39,171.00,172.60,11532131,0
10/22/2013,22:00,170.50,177.78,166.11,171.54,11394675,0
10/23/2013,22:00,168.91,171.81,160.15,164.50,13327739,0
10/24/2013,22:00,165.00,174.50,162.83,173.15,10825667,0
10/25/2013,22:00,174.21,174.50,166.80,169.66,7595458,0
10/28/2013,22:00,170.18,170.50,162.20,162.86,7841727,0
10/29/2013,22:00,162.76,165.45,153.00,164.47,14111737,0
10/30/2013,22:00,164.63,167.68,158.17,159.22,8401756,0
10/31/2013,22:00,155.67,162.44,153.30,159.94,9340455,0
11/01/2013,22:00,163.00,165.90,160.41,162.17,7180583,0
11/04/2013,22:00,165.00,175.39,164.22,175.20,13120374,0
11/05/2013,22:00,180.00,181.43,171.36,176.81,22467101,0
11/06/2013,22:00,154.81,160.73,146.35,151.16,31071726,0
11/07/2013,22:00,144.19,145.65,137.62,139.77,22284744,0
11/08/2013,22:00,136.00,140.60,132.32,137.95,22477861,0
11/11/2013,22:00,141.00,145.42,137.10,144.70,13997591,0
11/12/2013,22:00,144.69,144.70,136.18,137.80,14985162,0
11/13/2013,22:00,140.84,142.37,136.34,138.70,12658272,0
11/14/2013,22:00,138.92,140.40,134.11,137.60,12203700,0
11/15/2013,22:00,136.85,137.95,134.35,135.45,9900176,0
11/18/2013,22:00,135.27,135.45,119.61,121.58,23138242,0
11/19/2013,22:00,119.43,129.00,119.22,126.09,19816154,0
11/20/2013,22:00,126.08,127.45,119.06,121.11,13849554,0
11/21/2013,22:00,123.21,124.79,120.25,122.10,11903803,0
11/22/2013,22:00,121.58,122.75,117.93,121.38,11104146,0
11/25/2013,22:00,124.50,125.84,120.30,120.84,10275348,0
11/26/2013,22:00,119.38,122.72,116.10,120.50,13885522,0
11/27/2013,22:00,121.60,126.95,119.52,126.94,12367634,0
11/29/2013,22:00,129.77,130.59,126.98,127.28,9656073,0
12/02/2013,22:00,126.35,128.55,123.93,124.17,7751211,0
12/03/2013,22:00,132.68,144.94,131.59,144.70,25682404,0
12/04/2013,22:00,144.32,144.43,137.13,138.95,13147688,0
12/05/2013,22:00,140.15,143.35,139.50,140.48,9288415,0
12/06/2013,22:00,141.51,142.49,136.30,137.36,7909596,0
12/09/2013,22:00,137.00,141.70,134.21,141.60,9061485,0
12/10/2013,22:00,140.05,145.87,139.86,142.19,10748234,0
12/11/2013,22:00,141.88,143.05,139.49,139.65,7137842,0
12/12/2013,22:00,139.70,148.24,138.53,147.47,10767791,0
12/13/2013,22:00,148.05,151.80,147.32,147.65,10599775,0
12/16/2013,22:00,148.48,150.43,146.10,147.94,6675276,0
12/17/2013,22:00,147.58,154.63,146.32,152.46,10494969,0
12/18/2013,22:00,152.24,154.90,145.95,147.98,11581897,0
12/19/2013,22:00,146.90,147.00,139.10,140.72,12758613,0
12/20/2013,22:00,141.58,144.35,141.58,143.24,7422537,0
12/23/2013,22:00,144.85,146.24,142.60,143.55,5385506,0
12/24/2013,22:00,150.00,154.97,149.82,151.41,10081608,0
12/26/2013,22:00,155.04,158.00,154.29,155.50,7129526,0
12/27/2013,22:00,155.30,155.50,150.80,151.12,5469064,0
12/30/2013,22:00,151.12,154.81,150.75,152.44,4472076,0
12/31/2013,22:00,152.32,153.20,148.66,150.43,4266710,0
01/02/2014,22:00,149.80,152.48,146.55,150.10,6195355,0
01/03/2014,22:00,150.00,152.19,148.60,149.56,4698839,0
01/06/2014,22:00,150.00,150.40,145.24,147.00,5367320,0
01/07/2014,22:00,147.62,150.40,145.25,149.36,5041806,0
01/08/2014,22:00,148.85,153.70,148.76,151.28,6166674,0
01/09/2014,22:00,152.50,153.43,146.85,147.53,5388905,0
01/10/2014,22:00,148.46,148.90,142.25,145.72,7450531,0
01/13/2014,22:00,145.78,147.00,137.82,139.34,6324647,0
01/14/2014,22:00,140.50,162.00,136.67,161.27,27935828,0
01/15/2014,22:00,168.45,172.23,162.10,164.13,20488981,0
01/16/2014,22:00,162.50,172.70,162.40,170.97,11982099,0
01/17/2014,22:00,170.19,173.20,167.95,170.01,9216028,0
01/21/2014,22:00,171.20,177.29,170.81,176.68,9745765,0
01/22/2014,22:00,177.81,180.32,174.76,178.56,7036758,0
01/23/2014,22:00,177.23,182.38,173.42,181.50,7899515,0
01/24/2014,22:00,177.85,180.48,173.53,174.60,7711296,0
01/27/2014,22:00,175.16,177.92,164.71,169.62,8737773,0
01/28/2014,22:00,171.50,178.98,171.00,178.38,6128237,0
01/29/2014,22:00,175.15,179.09,173.13,175.23,5956817,0
01/30/2014,22:00,178.00,184.78,177.01,182.84,8575210,0
01/31/2014,22:00,178.85,186.00,178.51,181.41,6512951,0
02/03/2014,22:00,182.89,184.88,175.16,177.11,6778609,0
02/04/2014,22:00,180.67,181.60,176.20,178.73,4690883,0
02/05/2014,22:00,178.30,180.59,169.36,174.42,7275952,0
02/06/2014,22:00,176.30,180.11,176.00,178.38,5847953,0
02/07/2014,22:00,181.01,186.63,179.60,186.53,8964054,0
02/10/2014,22:00,189.34,199.30,189.32,196.56,12989286,0
02/11/2014,22:00,199.19,202.20,192.70,196.62,10734472,0
02/12/2014,22:00,195.78,198.27,194.32,195.32,5181313,0
02/13/2014,22:00,193.34,202.72,193.25,199.63,8174049,0
02/14/2014,22:00,198.10,201.88,197.00,198.23,6173462,0
02/18/2014,22:00,205.24,206.00,201.36,203.70,9355871,0
02/19/2014,22:00,203.62,203.70,193.41,193.64,16419899,0
02/20/2014,22:00,215.01,215.21,206.27,209.97,18022262,0
02/21/2014,22:00,211.64,213.98,209.19,209.60,7828981,0
02/24/2014,22:00,208.76,218.36,208.32,217.65,8303133,0
02/25/2014,22:00,230.00,259.20,228.45,248.00,32797000,0
02/26/2014,22:00,258.58,265.00,247.50,253.00,24771194,0
02/27/2014,22:00,261.25,261.90,248.33,252.54,17970707,0
02/28/2014,22:00,249.65,252.68,242.55,244.81,14612693,0
03/03/2014,22:00,237.26,251.65,234.99,250.56,13109303,0
03/04/2014,22:00,258.48,260.00,252.83,254.84,8765392,0
03/05/2014,22:00,256.52,256.99,251.80,252.66,5946736,0
03/06/2014,22:00,254.14,257.50,249.45,252.94,7374719,0
03/07/2014,22:00,252.94,254.85,244.41,246.21,7818465,0
03/10/2014,22:00,242.70,243.00,236.06,238.84,7745751,0
03/11/2014,22:00,236.50,244.60,232.43,234.41,8836349,0
03/12/2014,22:00,231.50,247.50,231.11,241.49,9763911,0
03/13/2014,22:00,243.79,244.19,234.00,237.79,6236325,0
03/14/2014,22:00,235.29,236.94,228.32,230.97,8289733,0
03/17/2014,22:00,234.95,237.93,230.50,233.98,5912592,0
03/18/2014,22:00,236.95,241.50,235.02,240.04,6242349,0
03/19/2014,22:00,241.39,241.55,233.51,235.84,5071327,0
03/20/2014,22:00,236.16,239.25,233.36,234.91,3817905,0
03/21/2014,22:00,236.02,236.20,227.50,228.89,8227311,0
03/24/2014,22:00,229.75,229.90,210.27,220.17,11332947,0
03/25/2014,22:00,224.14,227.05,217.90,220.44,7865375,0
03/26/2014,22:00,221.95,222.60,211.35,212.96,6907306,0
03/27/2014,22:00,212.37,213.60,203.00,207.32,9505307,0
03/28/2014,22:00,212.80,216.72,210.27,212.37,9684761,0
03/31/2014,22:00,216.50,216.75,206.39,208.45,8380023,0
04/01/2014,22:00,209.02,218.16,208.58,216.97,7371422,0
04/02/2014,22:00,220.00,230.89,218.05,230.29,10782251,0
04/03/2014,22:00,230.30,235.73,222.00,225.40,10923734,0
04/04/2014,22:00,226.01,228.27,211.25,212.23,11345618,0
04/07/2014,22:00,206.14,216.20,203.51,207.52,9855478,0
04/08/2014,22:00,210.05,216.49,206.42,215.46,6889296,0
04/09/2014,22:00,216.76,218.45,210.89,216.93,5157923,0
04/10/2014,22:00,216.82,217.50,203.79,204.19,7211492,0
04/11/2014,22:00,200.61,207.00,198.60,203.78,9071300,0
04/14/2014,22:00,207.60,208.44,194.41,198.09,7703031,0
04/15/2014,22:00,199.09,199.29,184.32,193.91,13667071,0
04/16/2014,22:00,197.00,199.99,190.82,199.11,7205319,0
04/17/2014,22:00,199.61,202.29,194.08,198.12,5929506,0
04/21/2014,22:00,197.08,206.20,194.00,204.38,5266490,0
04/22/2014,22:00,206.36,219.33,205.01,218.64,9809333,0
04/23/2014,22:00,216.33,216.74,207.00,207.99,7295609,0
04/24/2014,22:00,210.81,212.80,203.20,207.86,5504768,0
04/25/2014,22:00,202.05,206.70,197.65,199.85,6996658,0
04/28/2014,22:00,200.00,203.79,190.50,198.51,7041983,0
04/29/2014,22:00,198.21,207.15,195.53,206.92,5787369,0
04/30/2014,22:00,203.60,208.16,201.28,207.89,4443453,0
05/01/2014,22:00,207.08,214.02,205.69,207.73,5444670,0
05/02/2014,22:00,208.60,211.36,206.52,210.91,4091394,0
05/05/2014,22:00,209.48,217.69,208.52,216.61,5152343,0
05/06/2014,22:00,216.60,218.66,206.85,207.28,5636725,0
05/07/2014,22:00,209.64,210.20,197.25,201.35,10179291,0
05/08/2014,22:00,181.99,194.40,178.00,178.59,20056591,0
05/09/2014,22:00,179.86,183.40,177.22,182.26,8495159,0
05/12/2014,22:00,183.87,187.19,179.88,184.67,7004330,0
05/13/2014,22:00,183.76,191.34,183.00,190.16,7097242,0
05/14/2014,22:00,189.13,193.48,187.10,190.62,5414945,0
05/15/2014,22:00,189.98,192.66,185.30,188.59,6046139,0
05/16/2014,22:00,188.95,192.04,187.72,191.56,4489312,0
05/19/2014,22:00,190.72,196.89,190.00,196.09,4571660,0
05/20/2014,22:00,196.94,199.33,193.07,195.30,5553877,0
05/21/2014,22:00,196.18,199.87,194.79,199.45,5290755,0
05/22/2014,22:00,200.35,206.88,199.56,204.88,6216255,0
05/23/2014,22:00,204.53,207.76,202.50,207.30,4010931,0
05/27/2014,22:00,208.52,213.87,207.70,211.56,5346788,0
05/28/2014,22:00,209.92,212.77,205.26,210.24,5496278,0
05/29/2014,22:00,210.57,212.49,207.72,210.24,3694596,0
05/30/2014,22:00,209.75,214.80,207.02,207.77,5586068,0
06/02/2014,22:00,207.33,209.35,201.67,204.70,4668115,0
06/03/2014,22:00,203.49,208.00,202.59,204.94,3866182,0
06/04/2014,22:00,204.35,206.26,200.40,203.99,3434502,0
06/05/2014,22:00,204.47,209.20,204.05,206.90,4059285,0
06/06/2014,22:00,209.75,210.81,207.18,208.17,3074900,0
06/09/2014,22:00,207.95,209.99,204.20,205.31,2813066,0
06/10/2014,22:00,204.47,206.97,201.55,202.30,3522336,0
06/11/2014,22:00,201.50,205.00,199.25,204.47,3980491,0
06/12/2014,22:00,205.10,209.88,202.71,203.52,5997144,0
06/13/2014,22:00,204.78,206.79,201.58,206.42,3546789,0
06/16/2014,22:00,206.76,225.49,206.26,224.61,13246352,0
06/17/2014,22:00,224.11,235.54,222.85,231.67,13304907,0
06/18/2014,22:00,231.50,231.71,226.12,227.12,6947053,0
06/19/2014,22:00,228.72,235.31,227.00,227.79,8801907,0
06/20/2014,22:00,228.52,231.29,226.20,229.59,4908077,0
06/23/2014,22:00,229.51,238.99,228.22,237.22,7800189,0
06/24/2014,22:00,238.96,241.88,231.63,232.50,8081109,0
06/25/2014,22:00,233.09,237.55,230.24,236.89,5803257,0
06/26/2014,22:00,237.21,240.40,234.21,235.60,5122972,0
06/27/2014,22:00,234.69,240.00,234.50,239.06,5638787,0
06/30/2014,22:00,239.55,244.49,239.00,240.06,4833602,0
07/01/2014,22:00,242.46,243.44,238.70,239.72,4341242,0
07/02/2014,22:00,240.66,242.33,227.07,229.43,8035072,0
07/03/2014,22:00,231.29,231.91,224.00,229.25,5137307,0
07/07/2014,22:00,227.50,229.78,220.40,222.66,5901080,0
07/08/2014,22:00,218.65,220.96,214.27,219.07,7846165,0
07/09/2014,22:00,221.27,224.22,219.21,223.06,4117729,0
07/10/2014,22:00,217.18,222.22,216.04,219.46,4865246,0
07/11/2014,22:00,220.61,221.60,217.60,218.13,3307113,0
07/14/2014,22:00,219.99,228.79,215.45,226.70,7208573,0
07/15/2014,22:00,226.73,227.65,218.10,219.58,5732031,0
07/16/2014,22:00,221.82,224.80,216.82,217.16,4051097,0
07/17/2014,22:00,216.16,220.55,213.60,215.40,4650956,0
07/18/2014,22:00,215.95,221.21,215.93,220.02,4260618,0
07/21/2014,22:00,217.25,223.21,216.72,220.54,3825251,0
07/22/2014,22:00,222.46,223.30,219.11,219.58,2732485,0
07/23/2014,22:00,220.01,224.75,219.43,222.49,3088731,0
07/24/2014,22:00,223.25,225.10,220.80,223.54,3248410,0
07/25/2014,22:00,222.72,226.97,221.75,223.57,3090383,0
07/28/2014,22:00,224.25,232.00,221.40,224.82,6517611,0
07/29/2014,22:00,226.61,228.30,224.86,225.01,3387187,0
07/30/2014,22:00,221.92,229.60,221.04,228.92,4927823,0
07/31/2014,22:00,229.26,231.40,221.50,223.30,7749058,0
08/01/2014,22:00,226.09,237.50,226.00,233.27,11898133,0
08/04/2014,22:00,234.65,240.50,233.27,238.52,5967406,0
08/05/2014,22:00,237.47,242.99,235.69,238.49,5388581,0
08/06/2014,22:00,238.91,251.42,238.58,248.93,9249265,0
08/07/2014,22:00,250.12,256.69,249.12,252.39,7478926,0
08/08/2014,22:00,251.16,251.76,246.50,248.13,5099061,0
08/11/2014,22:00,255.48,263.74,255.00,259.32,8101276,0
08/12/2014,22:00,258.08,260.30,254.58,259.96,6390412,0
08/13/2014,22:00,262.01,265.64,259.61,260.31,6932628,0
08/14/2014,22:00,262.49,263.00,258.54,261.38,4126634,0
08/15/2014,22:00,261.48,262.09,258.50,262.01,3867874,0
08/18/2014,22:00,263.25,267.26,259.75,259.94,5849231,0
08/19/2014,22:00,258.87,259.33,251.62,256.76,5340136,0
08/20/2014,22:00,254.68,258.74,253.00,255.71,3027863,0
08/21/2014,22:00,256.52,258.80,253.26,254.34,2919241,0
08/22/2014,22:00,254.54,256.95,252.61,256.78,2836959,0
08/25/2014,22:00,258.61,263.68,258.19,262.55,4318053,0
08/26/2014,22:00,264.98,265.50,261.66,261.74,3822572,0
08/27/2014,22:00,263.50,264.24,260.29,263.25,2990532,0
08/28/2014,22:00,261.89,264.48,261.64,263.86,2854737,0
08/29/2014,22:00,269.07,272.00,267.51,269.70,6453958,0
09/02/2014,22:00,275.50,284.89,274.30,284.12,9852351,0
09/03/2014,22:00,287.67,288.00,280.10,281.19,6779735,0
09/04/2014,22:00,284.01,291.42,280.40,286.04,8341749,0
09/05/2014,22:00,282.55,282.90,272.51,277.39,11176167,0
09/08/2014,22:00,277.62,284.88,277.52,282.11,5505040,0
09/09/2014,22:00,282.99,285.49,277.00,278.48,4567958,0
09/10/2014,22:00,279.50,281.41,273.66,281.10,3785988,0
09/11/2014,22:00,280.46,284.79,278.63,280.31,3768584,0
09/12/2014,22:00,280.50,282.39,277.00,279.20,3328302,0
09/15/2014,22:00,274.37,274.40,249.13,253.86,16464952,0
09/16/2014,22:00,255.15,262.46,252.42,260.74,8303972,0
09/17/2014,22:00,262.41,264.70,259.50,261.38,5179923,0
09/18/2014,22:00,263.36,265.60,262.32,263.82,3699314,0
09/19/2014,22:00,257.99,261.43,255.27,259.32,6811714,0
09/22/2014,22:00,255.00,256.02,244.71,250.03,8222963,0
09/23/2014,22:00,245.70,253.80,245.00,250.41,5660048,0
09/24/2014,22:00,251.12,252.84,247.04,252.14,3754376,0
09/25/2014,22:00,252.52,254.96,246.10,246.95,4843712,0
09/26/2014,22:00,248.25,249.73,246.07,246.60,3798841,0
09/29/2014,22:00,244.00,248.64,241.38,245.26,4854687,0
09/30/2014,22:00,246.92,247.65,240.12,242.68,4248127,0
10/01/2014,22:00,242.20,242.66,235.65,240.24,5946510,0
10/02/2014,22:00,250.20,252.79,245.36,251.42,9002001,0
10/03/2014,22:00,253.05,256.50,251.03,255.21,5408665,0
10/06/2014,22:00,259.13,262.49,257.80,260.62,7719055,0
10/07/2014,22:00,258.11,261.46,255.73,259.57,4491569,0
10/08/2014,22:00,260.10,262.88,252.64,259.28,5062615,0
10/09/2014,22:00,262.20,265.54,254.40,257.01,7361316,0
10/10/2014,22:00,244.64,245.89,235.20,236.91,12898275,0
10/13/2014,22:00,238.62,238.96,221.00,224.59,11276552,0
10/14/2014,22:00,228.25,232.47,223.00,227.06,7112339,0
10/15/2014,22:00,220.00,230.99,217.32,229.70,9151648,0
10/16/2014,22:00,219.72,229.92,219.10,226.35,5404565,0
10/17/2014,22:00,233.38,234.77,226.55,227.48,10551850,0
10/20/2014,22:00,226.72,232.40,225.51,230.47,3499686,0
10/21/2014,22:00,234.27,235.39,230.80,235.34,4130345,0
10/22/2014,22:00,233.19,237.39,230.56,231.10,4123397,0
10/23/2014,22:00,234.65,236.28,232.00,235.29,3499882,0
10/24/2014,22:00,236.25,237.80,231.20,235.24,3466927,0
10/27/2014,22:00,234.25,234.61,220.31,221.67,9553348,0
10/28/2014,22:00,229.62,244.60,228.25,242.77,10516297,0
10/29/2014,22:00,241.13,241.50,235.64,238.10,4967640,0
10/30/2014,22:00,238.14,240.50,235.06,238.66,3228371,0
10/31/2014,22:00,242.51,243.12,238.75,241.70,3775327,0
11/03/2014,22:00,243.00,247.56,241.32,242.59,4207268,0
11/04/2014,22:00,240.52,242.35,236.53,238.93,3682572,0
11/05/2014,22:00,241.14,241.36,230.53,230.97,9045925,0
11/06/2014,22:00,234.49,246.69,228.50,241.22,15354717,0
11/07/2014,22:00,242.19,242.84,237.20,240.20,5161023,0
11/10/2014,22:00,239.11,242.88,236.80,241.93,4577208,0
11/11/2014,22:00,242.47,251.82,242.00,251.08,7952565,0
11/12/2014,22:00,249.72,252.34,245.58,249.10,5870818,0
11/13/2014,22:00,250.62,255.75,250.25,251.70,6236036,0
11/14/2014,22:00,250.00,258.85,248.50,258.68,6101145,0
11/17/2014,22:00,257.49,259.00,252.02,253.98,4025695,0
11/18/2014,22:00,255.86,259.99,255.51,257.70,4474294,0
11/19/2014,22:00,250.61,251.88,245.60,247.74,7918486,0
11/20/2014,22:00,247.95,250.93,246.00,248.71,3587220,0
11/21/2014,22:00,252.21,252.78,242.17,242.78,7485059,0
11/24/2014,22:00,245.20,247.60,240.64,246.72,4789708,0
11/25/2014,22:00,247.35,249.72,246.09,248.09,3159804,0
11/26/2014,22:00,248.34,249.00,246.60,248.44,1981819,0
11/28/2014,22:00,245.35,246.69,242.52,244.52,2108725,0
12/01/2014,22:00,241.16,242.47,229.01,231.64,8619351,0
12/02/2014,22:00,234.57,234.88,228.00,231.43,5887046,0
12/03/2014,22:00,226.25,229.72,225.50,229.30,5307733,0
12/04/2014,22:00,228.60,230.90,227.81,228.28,3879208,0
12/05/2014,22:00,228.67,229.39,222.26,223.71,6063619,0
12/08/2014,22:00,221.54,224.86,212.34,214.36,9225619,0
12/09/2014,22:00,209.22,217.73,204.27,216.89,9431502,0
12/10/2014,22:00,214.13,216.77,207.70,209.84,7314139,0
12/11/2014,22:00,210.53,215.43,208.23,208.88,6694398,0
12/12/2014,22:00,204.82,211.68,204.50,207.00,7173782,0
12/15/2014,22:00,209.29,209.80,202.67,204.04,5218252,0
12/16/2014,22:00,200.89,203.68,195.37,197.81,8426105,0
12/17/2014,22:00,193.06,206.65,192.65,205.82,7367834,0
12/18/2014,22:00,212.20,218.44,211.80,218.26,7483349,0
12/19/2014,22:00,220.19,220.40,214.50,219.29,6910461,0
12/22/2014,22:00,220.00,224.06,218.26,222.60,4806917,0
12/23/2014,22:00,223.81,224.32,219.52,220.97,4513321,0
12/24/2014,22:00,219.77,222.50,219.25,222.26,1352556,0
12/26/2014,22:00,221.51,228.50,221.50,227.82,3327016,0
12/29/2014,22:00,226.90,227.91,224.02,225.71,2811828,0
12/30/2014,22:00,223.99,225.65,221.40,222.23,2903242,0
12/31/2014,22:00,223.09,225.68,222.25,222.41,2402097,0
01/02/2015,22:00,222.87,223.25,213.26,219.31,4764443,0
01/05/2015,22:00,214.55,216.50,207.16,210.09,5368477,0
01/06/2015,22:00,210.06,214.20,204.21,211.28,6261936,0
01/07/2015,22:00,213.35,214.78,209.78,210.95,2968390,0
01/08/2015,22:00,212.81,213.80,210.01,210.62,3442509,0
01/09/2015,22:00,208.92,209.98,204.96,206.66,4668295,0
01/12/2015,22:00,203.39,204.47,199.25,202.21,5950280,0
01/13/2015,22:00,203.32,207.61,200.91,204.25,4477320,0
01/14/2015,22:00,185.83,195.20,185.00,192.69,11551855,0
01/15/2015,22:00,194.49,195.75,190.00,191.87,5216524,0
01/16/2015,22:00,190.70,194.49,189.65,193.07,3603158,0
01/20/2015,22:00,193.87,194.12,187.04,191.93,4503182,0
01/21/2015,22:00,189.55,198.68,189.51,196.57,4153043,0
01/22/2015,22:00,197.00,203.24,195.20,201.62,4116905,0
01/23/2015,22:00,199.98,203.50,198.33,201.29,3442371,0
01/26/2015,22:00,201.83,208.62,201.05,206.55,3234522,0
01/27/2015,22:00,204.42,208.03,203.30,205.98,2781024,0
01/28/2015,22:00,206.11,206.37,198.42,199.37,3149606,0
01/29/2015,22:00,201.11,205.98,196.50,205.20,3548106,0
01/30/2015,22:00,203.96,207.47,203.00,203.60,3006959,0
02/02/2015,22:00,203.97,211.95,203.30,210.94,4149186,0
02/03/2015,22:00,213.22,220.37,211.27,218.36,4826244,0
02/04/2015,22:00,218.29,221.48,216.80,218.55,3305377,0
02/05/2015,22:00,219.88,225.48,219.64,220.99,3522947,0
02/06/2015,22:00,222.00,223.40,216.50,217.36,3243931,0
02/09/2015,22:00,215.38,217.93,211.99,217.48,3472423,0
02/10/2015,22:00,217.55,220.50,215.00,216.29,5390542,0
02/11/2015,22:00,212.21,214.74,207.28,212.80,9769102,0
02/12/2015,22:00,193.57,203.09,193.28,202.88,15649607,0
02/13/2015,22:00,202.90,205.99,200.91,203.77,6191003,0
02/17/2015,22:00,205.70,205.70,201.50,204.35,3979647,0
02/18/2015,22:00,204.17,206.17,202.60,204.46,2713598,0
02/19/2015,22:00,205.00,212.44,203.75,211.71,5154148,0
02/20/2015,22:00,210.78,217.60,209.81,217.11,5982089,0
02/23/2015,22:00,214.99,218.20,206.33,207.34,8499775,0
02/24/2015,22:00,207.29,207.29,201.70,204.11,6603560,0
02/25/2015,22:00,204.94,207.14,202.58,203.76,3909520,0
02/26/2015,22:00,204.00,211.09,202.22,207.19,6472855,0
02/27/2015,22:00,206.90,208.55,202.80,203.34,3882084,0
03/02/2015,22:00,202.70,203.34,195.82,197.32,7922065,0
03/03/2015,22:00,196.81,200.24,195.32,199.56,4432329,0
03/04/2015,22:00,199.25,202.52,197.21,202.43,4221962,0
03/05/2015,22:00,202.85,206.19,200.15,200.63,4877015,0
03/06/2015,22:00,199.21,200.75,192.15,193.88,6712438,0
03/09/2015,22:00,194.39,194.49,188.25,190.88,6736724,0
03/10/2015,22:00,188.46,193.50,187.60,190.32,5579691,0
03/11/2015,22:00,191.15,196.18,191.01,193.74,4974871,0
03/12/2015,22:00,193.75,194.45,189.75,191.07,4149294,0
03/13/2015,22:00,188.95,191.75,187.32,188.68,5434298,0
03/16/2015,22:00,192.00,195.91,189.80,195.70,5628783,0
03/17/2015,22:00,195.43,198.71,193.94,194.73,4894052,0
03/18/2015,22:00,194.96,200.88,193.11,200.71,4820936,0
03/19/2015,22:00,202.00,204.59,194.53,195.65,8475244,0
03/20/2015,22:00,197.45,198.99,195.62,198.08,4269467,0
03/23/2015,22:00,198.50,200.50,197.47,199.63,2631626,0
03/24/2015,22:00,201.58,203.79,199.75,201.72,3649860,0
03/25/2015,22:00,198.27,198.59,192.70,194.30,5730389,0
03/26/2015,22:00,193.92,194.79,189.70,190.40,4127956,0
03/27/2015,22:00,189.07,189.29,181.40,185.00,8604947,0
03/30/2015,22:00,185.85,192.25,181.80,190.57,10089516,0
03/31/2015,22:00,193.53,193.76,188.41,188.77,5026569,0
04/01/2015,22:00,188.70,192.30,186.05,187.59,3794621,0
04/02/2015,22:00,190.23,193.23,190.00,191.00,5010368,0
04/06/2015,22:00,198.00,207.75,197.50,203.10,12455811,0
04/07/2015,22:00,202.51,205.06,201.14,203.25,4347864,0
04/08/2015,22:00,208.20,210.90,205.87,207.67,6303117,0
04/09/2015,22:00,208.43,210.37,206.12,210.09,3800225,0
04/10/2015,22:00,209.85,211.65,209.00,210.90,4067676,0
04/13/2015,22:00,210.43,213.00,209.05,209.78,3758230,0
04/14/2015,22:00,208.57,209.49,205.50,207.46,3025963,0
04/15/2015,22:00,207.46,209.59,206.60,207.83,1952378,0
04/16/2015,22:00,207.70,209.17,206.29,206.70,1659059,0
04/17/2015,22:00,204.99,206.88,203.50,206.79,2469926,0
04/20/2015,22:00,206.78,207.85,203.85,205.27,2559251,0
04/21/2015,22:00,205.80,210.75,204.31,209.41,3432541,0
04/22/2015,22:00,212.50,221.88,211.69,219.44,7863037,0
04/23/2015,22:00,218.27,221.48,217.15,218.60,4411184,0
04/24/2015,22:00,220.50,220.80,218.01,218.43,2427843,0
04/27/2015,22:00,222.56,238.75,222.00,231.55,11672627,0
04/28/2015,22:00,234.75,235.50,228.03,230.48,6085379,0
04/29/2015,22:00,230.05,234.97,227.63,232.45,3936077,0
04/30/2015,22:00,230.39,232.89,225.17,226.05,3911857,0
05/01/2015,22:00,229.94,231.77,220.40,226.03,5281689,0
05/04/2015,22:00,228.18,234.73,227.11,230.51,4434596,0
05/05/2015,22:00,237.76,239.50,229.13,232.95,5796873,0
05/06/2015,22:00,234.10,234.47,228.20,230.43,5270933,0
05/07/2015,22:00,221.00,237.48,220.25,236.80,9455909,0
05/08/2015,22:00,235.99,238.41,233.70,236.61,4668236,0
05/11/2015,22:00,236.29,242.88,235.31,239.49,5672262,0
05/12/2015,22:00,240.11,246.35,238.19,244.74,6363429,0
05/13/2015,22:00,247.61,248.30,242.25,243.18,5440165,0
05/14/2015,22:00,244.82,244.89,241.25,244.10,2895936,0
05/15/2015,22:00,243.93,249.40,242.50,248.84,4527563,0
05/18/2015,22:00,247.00,249.90,246.00,248.75,3353212,0
05/19/2015,22:00,248.43,251.00,246.15,247.14,3674231,0
05/20/2015,22:00,247.13,247.74,241.37,244.35,3755569,0
05/21/2015,22:00,243.03,246.62,242.36,245.62,1970643,0
05/22/2015,22:00,245.38,248.60,245.01,247.73,2223089,0
05/26/2015,22:00,247.68,252.00,246.50,247.46,3498682,0
05/27/2015,22:00,248.51,249.50,245.55,247.43,3408200,0
05/28/2015,22:00,247.03,251.80,245.05,251.45,3647283,0
05/29/2015,22:00,251.00,252.87,249.43,250.80,3789283,0
06/01/2015,22:00,251.41,251.60,247.47,249.45,2505057,0
06/02/2015,22:00,248.92,249.40,246.30,248.35,2134809,0
06/03/2015,22:00,248.20,250.72,247.01,248.99,1781505,0
06/04/2015,22:00,247.50,249.30,245.71,245.92,2453615,0
06/05/2015,22:00,246.16,249.70,245.68,249.14,3022026,0
06/08/2015,22:00,250.85,258.75,250.31,256.29,5016997,0
06/09/2015,22:00,255.40,257.74,254.14,256.00,2611146,0
06/10/2015,22:00,251.90,254.00,248.50,250.70,3454453,0
06/11/2015,22:00,253.26,254.37,250.43,251.41,2044058,0
06/12/2015,22:00,250.21,253.46,250.21,250.69,1422335,0
06/15/2015,22:00,249.70,251.28,246.01,250.38,2186175,0
06/16/2015,22:00,250.13,253.44,249.10,253.12,1984678,0
06/17/2015,22:00,252.17,264.36,252.02,260.41,5512920,0
06/18/2015,22:00,262.00,263.46,260.02,261.89,2782703,0
06/19/2015,22:00,262.40,263.80,260.10,262.51,2463013,0
06/22/2015,22:00,262.15,264.40,255.69,259.79,4561079,0
06/23/2015,22:00,260.32,268.00,258.57,267.67,3870818,0
06/24/2015,22:00,266.98,267.35,263.72,265.17,2412293,0
06/25/2015,22:00,266.45,271.41,265.25,268.79,2849204,0
06/26/2015,22:00,269.11,269.11,266.00,267.09,3838434,0
06/29/2015,22:00,261.95,265.95,260.70,262.02,3478909,0
06/30/2015,22:00,264.80,270.92,264.00,268.26,3086935,0
07/01/2015,22:00,271.11,272.62,267.85,269.15,2101224,0
07/02/2015,22:00,280.20,282.45,273.31,280.02,7163930,0
07/06/2015,22:00,278.88,281.69,276.30,279.72,4121933,0
07/07/2015,22:00,275.00,275.20,260.77,267.88,6105126,0
07/08/2015,22:00,259.32,260.80,254.31,254.96,6221077,0
07/09/2015,22:00,259.08,262.95,256.79,257.92,3334077,0
07/10/2015,22:00,262.22,263.00,257.82,259.15,2610858,0
07/13/2015,22:00,262.25,262.55,256.05,262.16,2960319,0
07/14/2015,22:00,262.10,265.99,260.51,265.65,1907641,0
07/15/2015,22:00,266.74,267.49,262.08,263.14,2021621,0
07/16/2015,22:00,264.22,267.20,263.16,266.68,1615961,0
07/17/2015,22:00,272.50,275.54,268.25,274.66,5004099,0
07/20/2015,22:00,275.00,286.65,272.54,282.26,4978454,0
07/21/2015,22:00,270.05,273.50,266.55,266.77,6108686,0
07/22/2015,22:00,261.27,269.44,260.86,267.87,3104960,0
07/23/2015,22:00,269.65,269.90,265.27,267.20,2227239,0
07/24/2015,22:00,267.38,271.09,263.92,265.41,2836498,0
07/27/2015,22:00,262.43,264.43,250.79,253.01,4694192,0
07/28/2015,22:00,255.75,265.40,251.84,264.82,3895808,0
07/29/2015,22:00,264.27,267.89,262.00,263.82,2790095,0
07/30/2015,22:00,262.69,266.94,262.11,266.79,2034560,0
07/31/2015,22:00,267.60,269.36,265.12,266.15,2222552,0
08/03/2015,22:00,266.29,266.71,257.07,259.99,2553474,0
08/04/2015,22:00,260.01,266.72,258.34,266.28,2352530,0
08/05/2015,22:00,263.58,271.00,260.40,270.13,6214319,0
08/06/2015,22:00,249.54,255.00,236.12,246.13,14623754,0
08/07/2015,22:00,243.58,243.73,238.39,242.51,5073390,0
08/10/2015,22:00,238.15,242.97,236.05,241.14,4185860,0
08/11/2015,22:00,237.15,239.30,234.44,237.37,4264939,0
08/12/2015,22:00,234.40,239.77,232.74,238.17,3739157,0
08/13/2015,22:00,239.86,246.48,239.12,242.51,4689182,0
08/14/2015,22:00,247.24,247.93,241.77,243.15,4364810,0
08/17/2015,22:00,255.56,256.59,250.51,254.99,7176690,0
08/18/2015,22:00,255.65,260.95,253.56,260.72,4195035,0
08/19/2015,22:00,260.33,260.65,255.02,255.25,3604282,0
08/20/2015,22:00,252.06,254.56,241.90,242.18,4905757,0
08/21/2015,22:00,236.00,243.80,230.51,230.77,6590234,0
08/24/2015,22:00,202.79,231.40,195.00,218.87,9581585,0
08/25/2015,22:00,230.19,230.90,219.12,220.03,4327294,0
08/26/2015,22:00,227.93,228.00,215.51,224.84,4963042,0
08/27/2015,22:00,231.27,244.75,230.81,242.99,7655959,0
08/28/2015,22:00,241.86,251.45,241.57,248.48,5513673,0
08/31/2015,22:00,245.62,254.95,245.51,249.06,4700232,0
09/01/2015,22:00,240.34,246.00,236.97,238.63,5454765,0
09/02/2015,22:00,245.30,247.88,239.78,247.69,4629174,0
09/03/2015,22:00,252.06,252.08,245.00,245.57,4194772,0
09/04/2015,22:00,240.89,244.09,238.20,241.93,3689153,0
09/08/2015,22:00,245.05,249.16,244.05,248.17,3138231,0
09/09/2015,22:00,252.05,254.25,248.30,248.91,3390788,0
09/10/2015,22:00,247.23,250.72,245.33,248.48,2709024,0
09/11/2015,22:00,247.64,250.24,244.73,250.24,2350844,0
09/14/2015,22:00,251.10,254.25,249.67,253.19,2890851,0
09/15/2015,22:00,252.75,254.60,249.50,253.57,2933466,0
09/16/2015,22:00,253.04,262.88,252.88,262.25,4417081,0
09/17/2015,22:00,263.96,265.50,260.69,262.07,3585812,0
09/18/2015,22:00,257.96,263.82,257.50,260.62,3763064,0
09/21/2015,22:00,263.98,271.57,255.80,264.20,6120155,0
09/22/2015,22:00,259.03,262.65,255.87,260.94,3664353,0
09/23/2015,22:00,261.95,262.08,257.58,261.06,2600778,0
09/24/2015,22:00,259.53,263.45,256.21,263.12,3448191,0
09/25/2015,22:00,266.61,266.91,256.15,256.91,3773392,0
09/28/2015,22:00,257.35,259.79,246.61,248.43,4901057,0
09/29/2015,22:00,250.46,254.73,245.46,246.65,3703154,0
09/30/2015,22:00,252.00,252.40,242.34,248.40,4929582,0
10/01/2015,22:00,247.51,248.50,237.13,239.88,4572964,0
10/02/2015,22:00,235.52,247.70,234.93,247.57,4423982,0
10/05/2015,22:00,248.84,249.84,244.13,246.15,3689865,0
10/06/2015,22:00,240.00,243.03,235.58,241.46,5235897,0
10/07/2015,22:00,236.63,237.70,229.12,231.96,6813959,0
10/08/2015,22:00,230.08,230.72,221.31,226.72,6133216,0
10/09/2015,22:00,220.93,224.37,218.36,220.69,6158370,0
10/12/2015,22:00,222.99,223.00,215.27,215.58,3836303,0
10/13/2015,22:00,213.28,222.52,211.13,219.25,5171535,0
10/14/2015,22:00,220.67,220.95,215.43,216.88,3104446,0
10/15/2015,22:00,216.43,221.73,213.70,221.31,2844233,0
10/16/2015,22:00,223.04,230.48,222.87,227.01,4334493,0
10/19/2015,22:00,226.50,231.15,224.94,228.10,2507895,0
10/20/2015,22:00,227.72,228.60,202.00,213.03,14900047,0
10/21/2015,22:00,211.99,214.81,208.80,210.09,4183471,0
10/22/2015,22:00,211.56,215.75,209.40,211.72,2825159,0
10/23/2015,22:00,215.00,215.35,207.69,209.09,4235462,0
10/26/2015,22:00,211.38,215.88,210.00,215.26,3391438,0
10/27/2015,22:00,214.69,217.10,207.51,210.35,3519449,0
10/28/2015,22:00,211.31,213.45,208.30,212.96,2728593,0
10/29/2015,22:00,211.75,213.75,210.64,211.63,1805032,0
10/30/2015,22:00,210.40,211.63,203.89,206.93,4438901,0
11/02/2015,22:00,208.92,215.80,207.22,213.79,3927944,0
11/03/2015,22:00,213.85,214.44,207.75,208.35,8332486,0
11/04/2015,22:00,227.00,232.74,225.20,231.63,12726366,0
11/05/2015,22:00,230.58,234.58,229.19,231.77,4496843,0
11/06/2015,22:00,230.50,233.36,229.50,232.36,2445293,0
11/09/2015,22:00,232.50,232.99,224.31,225.33,3850860,0
11/10/2015,22:00,223.24,223.70,216.08,216.50,4617007,0
11/11/2015,22:00,217.77,219.48,213.63,219.08,3347806,0
11/12/2015,22:00,217.85,219.00,212.66,212.94,2915900,0
11/13/2015,22:00,212.95,212.99,206.52,207.19,3430327,0
11/16/2015,22:00,206.09,214.98,205.80,214.31,2925395,0
11/17/2015,22:00,215.20,216.00,211.40,214.00,2148679,0
11/18/2015,22:00,214.50,221.38,212.52,221.07,2811900,0
11/19/2015,22:00,220.54,226.19,220.30,221.80,2504375,0
11/20/2015,22:00,223.49,225.00,213.58,220.01,4400722,0
11/23/2015,22:00,217.35,219.18,214.68,217.75,2526199,0
11/24/2015,22:00,215.37,221.00,215.00,218.25,2480293,0
11/25/2015,22:00,221.50,230.82,220.38,229.64,3990779,0
11/27/2015,22:00,231.06,232.25,227.01,231.61,1949353,0
11/30/2015,22:00,231.79,234.28,229.08,230.26,2659813,0
12/01/2015,22:00,231.06,238.00,231.05,237.19,3733955,0
12/02/2015,22:00,237.00,238.60,231.23,231.99,2981468,0
12/03/2015,22:00,235.48,237.45,230.00,232.71,2939564,0
12/04/2015,22:00,232.46,233.27,227.66,230.38,2573603,0
12/07/2015,22:00,228.51,235.63,226.15,231.13,3144223,0
12/08/2015,22:00,227.52,228.80,224.20,226.72,2687636,0
12/09/2015,22:00,226.70,227.50,220.72,224.52,3057753,0
12/10/2015,22:00,224.71,228.49,223.64,227.07,2071692,0
12/11/2015,22:00,225.24,225.75,216.64,217.02,3268726,0
12/14/2015,22:00,217.51,220.92,214.87,218.58,2831518,0
12/15/2015,22:00,221.82,222.22,218.00,221.09,2244424,0
12/16/2015,22:00,222.10,234.88,220.73,234.51,5104341,0
12/17/2015,22:00,233.94,237.76,229.81,233.39,3298638,0
12/18/2015,22:00,232.89,235.90,229.29,230.46,3014170,0
12/21/2015,22:00,231.69,235.83,231.08,232.56,1953174,0
12/22/2015,22:00,234.99,236.55,229.63,229.95,1961495,0
12/23/2015,22:00,232.18,233.45,228.13,229.70,1554979,0
12/24/2015,22:00,230.56,231.88,228.28,230.57,710277,0
12/28/2015,22:00,231.49,231.98,225.54,228.95,1901304,0
12/29/2015,22:00,230.06,237.72,229.55,237.19,2406290,0
12/30/2015,22:00,236.60,243.63,235.67,238.09,3697921,0
12/31/2015,22:00,238.51,243.45,238.37,240.01,2715038,0
01/04/2016,22:00,230.72,231.38,219.00,223.41,6827146,0
01/05/2016,22:00,226.36,226.89,220.00,223.43,3186752,0
01/06/2016,22:00,220.00,220.05,215.98,219.04,3779128,0
01/07/2016,22:00,214.19,218.44,213.67,215.65,3554251,0
01/08/2016,22:00,217.86,220.44,210.77,211.00,3628058,0
01/11/2016,22:00,214.01,214.45,203.00,207.85,4091422,0
01/12/2016,22:00,211.60,213.74,205.31,209.97,3091917,0
01/13/2016,22:00,212.01,212.65,200.00,200.31,4126416,0
01/14/2016,22:00,202.21,210.00,193.38,206.18,6490741,0
01/15/2016,22:00,198.97,205.07,197.25,204.99,5578640,0
01/19/2016,22:00,208.71,210.47,200.78,204.72,4038676,0
01/20/2016,22:00,199.40,201.28,191.25,198.70,5838608,0
01/21/2016,22:00,201.55,203.23,195.02,199.97,3166159,0
01/22/2016,22:00,204.80,205.50,199.03,202.55,3124055,0
01/25/2016,22:00,200.06,203.57,195.88,196.38,2698739,0
01/26/2016,22:00,197.01,197.82,188.88,193.56,4964180,0
01/27/2016,22:00,192.38,193.26,185.77,188.07,3617221,0
01/28/2016,22:00,190.79,191.28,182.41,189.70,4592754,0
01/29/2016,22:00,189.95,193.74,188.08,191.20,2852289,0
02/01/2016,22:00,188.76,199.52,182.75,196.94,5297639,0
02/02/2016,22:00,192.42,193.12,180.23,182.78,5773637,0
02/03/2016,22:00,183.59,183.94,170.18,173.48,7931362,0
02/04/2016,22:00,170.70,175.98,166.99,175.33,4385366,0
02/05/2016,22:00,171.30,173.00,157.74,162.60,9437591,0
02/08/2016,22:00,157.10,157.15,146.00,147.99,9312988,0
02/09/2016,22:00,142.32,159.79,141.05,148.25,8651648,0
02/10/2016,22:00,150.50,154.97,141.74,143.67,10406513,0
02/11/2016,22:00,152.00,163.26,147.00,150.47,14252364,0
02/12/2016,22:00,155.00,157.01,143.70,151.04,7235783,0
02/16/2016,22:00,158.70,162.95,154.11,155.17,5593794,0
02/17/2016,22:00,159.00,169.34,156.68,168.68,5825159,0
02/18/2016,22:00,172.42,172.95,164.77,166.77,3887574,0
02/19/2016,22:00,163.66,167.49,162.50,166.58,2959390,0
02/22/2016,22:00,170.12,178.91,169.85,177.74,5060051,0
02/23/2016,22:00,176.16,181.73,173.68,177.21,5984374,0
02/24/2016,22:00,172.75,179.50,167.84,179.00,5395609,0
02/25/2016,22:00,178.78,188.52,175.20,187.43,5750741,0
02/26/2016,22:00,188.70,192.00,185.00,190.34,6065117,0
02/29/2016,22:00,192.40,196.35,189.22,191.93,4498997,0
03/01/2016,22:00,194.25,195.95,182.70,186.35,6712159,0
03/02/2016,22:00,183.73,188.52,181.50,188.34,4862396,0
03/03/2016,22:00,188.28,197.42,184.22,195.74,4829018,0
03/04/2016,22:00,198.00,204.03,197.50,201.04,6489058,0
03/07/2016,22:00,197.68,209.70,197.40,205.29,5337072,0
03/08/2016,22:00,203.50,207.50,202.20,202.60,4178693,0
03/09/2016,22:00,204.52,209.37,202.79,208.72,3208554,0
03/10/2016,22:00,210.00,213.29,200.67,205.18,5192523,0
03/11/2016,22:00,207.44,209.42,205.33,207.50,3343077,0
03/14/2016,22:00,212.65,216.72,210.64,215.15,4065706,0
03/15/2016,22:00,214.27,218.97,211.50,218.34,3180452,0
03/16/2016,22:00,218.00,222.58,217.02,221.93,3516703,0
03/17/2016,22:00,221.47,228.50,220.00,226.38,3782891,0
03/18/2016,22:00,229.10,234.48,228.06,232.74,4711793,0
03/21/2016,22:00,235.34,239.88,235.00,238.32,5307822,0
03/22/2016,22:00,237.48,238.99,232.56,234.24,4315988,0
03/23/2016,22:00,232.37,234.73,222.03,222.58,4948841,0
03/24/2016,22:00,215.78,228.89,215.00,227.75,4960900,0
03/28/2016,22:00,231.61,234.81,225.00,230.26,3925685,0
03/29/2016,22:00,229.89,232.38,225.33,230.13,4014330,0
03/30/2016,22:00,235.09,235.50,226.50,226.89,4032982,0
03/31/2016,22:00,229.34,237.42,225.01,229.77,8012872,0
04/01/2016,22:00,244.82,247.90,233.25,237.59,15997509,0
04/04/2016,22:00,249.12,252.12,243.64,246.99,13475327,0
04/05/2016,22:00,240.50,256.56,240.00,255.47,9948699,0
04/06/2016,22:00,253.97,267.74,253.45,265.42,11705479,0
04/07/2016,22:00,266.45,269.34,254.51,257.20,8856171,0
04/08/2016,22:00,260.50,260.82,248.02,250.07,7363935,0
04/11/2016,22:00,251.00,258.99,245.30,249.92,9161693,0
04/12/2016,22:00,249.50,251.80,243.63,247.82,5763208,0
04/13/2016,22:00,248.51,255.50,247.33,254.53,4925595,0
04/14/2016,22:00,253.00,256.84,251.05,251.86,4132185,0
04/15/2016,22:00,251.31,254.60,249.12,254.51,3752366,0
04/18/2016,22:00,252.23,258.31,251.66,253.88,4271362,0
04/19/2016,22:00,253.12,254.37,241.25,247.37,6357526,0
04/20/2016,22:00,246.26,253.66,241.50,249.97,5194051,0
04/21/2016,22:00,248.99,250.90,246.91,248.29,2783059,0
04/22/2016,22:00,248.89,254.00,245.71,253.75,3786327,0
04/25/2016,22:00,253.01,257.38,250.76,251.82,3670348,0
04/26/2016,22:00,252.05,255.73,249.39,253.74,3223839,0
04/27/2016,22:00,252.75,255.00,249.40,251.47,3205808,0
04/28/2016,22:00,249.85,253.43,247.44,247.71,2518990,0
04/29/2016,22:00,248.14,248.43,237.81,240.76,5413787,0
05/02/2016,22:00,241.50,243.19,234.82,241.80,3843935,0
05/03/2016,22:00,237.36,238.91,231.62,232.32,4302222,0
05/04/2016,22:00,230.48,234.46,220.40,222.56,8700459,0
05/05/2016,22:00,228.20,228.64,209.79,211.53,11254827,0
05/06/2016,22:00,210.87,216.37,208.11,214.93,5685237,0
05/09/2016,22:00,215.72,216.15,206.80,208.92,4776383,0
05/10/2016,22:00,207.55,209.47,205.00,208.69,4070617,0
05/11/2016,22:00,207.59,215.48,206.05,208.96,5161864,0
05/12/2016,22:00,211.44,211.67,203.66,207.28,3650475,0
05/13/2016,22:00,207.78,211.20,206.70,207.61,2822781,0
05/16/2016,22:00,208.15,213.15,207.92,208.29,2949396,0
05/17/2016,22:00,209.05,209.82,204.02,204.66,2843597,0
05/18/2016,22:00,209.15,215.31,207.75,211.17,5617519,0
05/19/2016,22:00,213.62,216.79,207.30,215.21,6866321,0
05/20/2016,22:00,216.99,220.55,216.35,220.28,9007076,0
05/23/2016,22:00,219.87,222.60,215.86,216.22,5102479,0
05/24/2016,22:00,216.60,218.74,215.18,217.91,3013843,0
05/25/2016,22:00,217.91,221.36,216.51,219.58,3132615,0
05/26/2016,22:00,220.50,225.26,219.05,225.12,4072424,0
05/27/2016,22:00,224.99,225.93,220.75,223.04,3650272,0
05/31/2016,22:00,223.04,224.75,221.50,223.23,2789002,0
06/01/2016,22:00,221.48,222.40,216.89,219.56,2982695,0
06/02/2016,22:00,219.59,219.91,217.11,218.96,2032832,0
06/03/2016,22:00,220.00,221.94,218.01,218.99,2228970,0
06/06/2016,22:00,218.00,220.90,215.45,220.68,2249508,0
06/07/2016,22:00,222.24,234.44,221.52,232.34,6213573,0
06/08/2016,22:00,233.80,240.85,232.60,235.52,5971995,0
06/09/2016,22:00,234.69,235.33,227.06,229.36,4492075,0
06/10/2016,22:00,227.39,227.97,218.42,218.79,6026603,0
06/13/2016,22:00,219.50,225.77,217.66,217.87,4193022,0
06/14/2016,22:00,218.88,222.20,212.53,214.96,3580167,0
06/15/2016,22:00,216.95,221.90,215.13,217.70,2908522,0
06/16/2016,22:00,217.42,218.04,213.50,217.93,2440259,0
06/17/2016,22:00,217.81,219.99,214.50,215.47,3112620,0
06/20/2016,22:00,219.50,223.75,218.23,219.70,3555471,0
06/21/2016,22:00,220.68,222.57,218.81,219.61,4529005,0
06/22/2016,22:00,199.47,205.95,195.75,196.66,23742414,0
06/23/2016,22:00,195.69,197.55,192.13,196.40,10130748,0
06/24/2016,22:00,190.05,195.12,189.73,193.15,7026516,0
06/27/2016,22:00,190.86,198.81,187.87,198.55,7220323,0
06/28/2016,22:00,201.89,204.05,199.41,201.79,6212422,0
06/29/2016,22:00,205.13,211.78,203.00,210.19,5994908,0
06/30/2016,22:00,212.97,213.50,209.02,212.28,4843111,0
07/01/2016,22:00,206.14,218.24,206.00,216.50,5399951,0
07/05/2016,22:00,209.73,214.54,208.00,213.98,5175345,0
07/06/2016,22:00,210.00,215.23,209.00,214.44,4919855,0
07/07/2016,22:00,213.10,218.12,213.01,215.94,3612022,0
07/08/2016,22:00,217.80,219.81,214.50,216.78,4074785,0
07/11/2016,22:00,219.96,226.78,219.51,224.78,5429823,0
07/12/2016,22:00,224.10,227.50,223.22,224.65,4576165,0
07/13/2016,22:00,225.50,225.59,220.29,222.53,3567062,0
07/14/2016,22:00,223.12,224.94,221.05,221.53,2675834,0
07/15/2016,22:00,222.52,222.75,219.64,220.40,2234247,0
07/18/2016,22:00,219.64,227.09,218.30,226.25,3412055,0
07/19/2016,22:00,225.00,229.10,224.75,225.26,3115065,0
07/20/2016,22:00,226.47,229.80,225.00,228.36,2568498,0
07/21/2016,22:00,226.00,227.85,219.10,220.50,4428651,0
07/22/2016,22:00,221.99,224.50,218.88,222.27,2579692,0
07/25/2016,22:00,222.27,231.39,221.37,230.01,4490683,0
07/26/2016,22:00,227.69,230.00,225.30,229.51,3430042,0
07/27/2016,22:00,229.34,233.36,226.92,228.49,2889007,0
07/28/2016,22:00,227.95,230.76,226.60,230.61,2419059,0
07/29/2016,22:00,230.70,235.28,230.24,234.79,3070813,0
08/01/2016,22:00,235.50,236.63,229.38,230.01,4016284,0
08/02/2016,22:00,229.50,229.87,221.40,227.20,3934432,0
08/03/2016,22:00,227.20,229.70,224.21,225.79,3887759,0
08/04/2016,22:00,225.69,230.86,222.05,230.61,4146997,0
08/05/2016,22:00,230.00,232.00,227.40,230.03,3205215,0
08/08/2016,22:00,228.00,229.60,226.09,226.16,2263584,0
08/09/2016,22:00,226.82,231.54,226.65,229.08,2207833,0
08/10/2016,22:00,228.24,229.87,224.62,225.65,2338301,0
08/11/2016,22:00,226.17,227.57,223.41,224.91,1880936,0
08/12/2016,22:00,225.41,226.65,224.04,225.61,1813540,0
08/15/2016,22:00,226.02,229.50,224.93,225.59,2034328,0
08/16/2016,22:00,225.49,227.19,223.41,223.61,2267147,0
08/17/2016,22:00,224.33,224.83,222.80,223.24,1787127,0
08/18/2016,22:00,223.82,225.66,222.29,223.51,1714467,0
08/19/2016,22:00,223.54,225.17,222.53,225.00,1659530,0
08/22/2016,22:00,224.17,225.11,222.68,222.93,2065493,0
08/23/2016,22:00,224.32,228.49,222.80,224.84,4784418,0
08/24/2016,22:00,227.05,227.15,222.22,222.62,2570693,0
08/25/2016,22:00,223.11,223.80,220.77,220.96,1762519,0
08/26/2016,22:00,222.14,222.85,218.82,219.99,2238992,0
08/29/2016,22:00,220.15,220.40,215.00,215.20,3266334,0
08/30/2016,22:00,216.11,216.11,210.52,211.34,3168862,0
08/31/2016,22:00,210.43,212.60,208.65,212.01,3276548,0
09/01/2016,22:00,211.03,211.10,200.50,200.77,7943138,0
09/02/2016,22:00,202.75,203.20,196.20,197.78,5977413,0
09/06/2016,22:00,199.02,203.25,199.00,202.83,4390572,0
09/07/2016,22:00,205.50,206.50,200.71,201.71,3640923,0
09/08/2016,22:00,199.55,199.89,196.36,197.36,3377946,0
09/09/2016,22:00,199.09,199.92,193.70,194.47,3756992,0
09/12/2016,22:00,195.38,201.37,194.10,198.30,3715161,0
09/13/2016,22:00,198.15,198.49,193.45,196.05,3589379,0
09/14/2016,22:00,195.75,197.92,194.86,196.41,2259231,0
09/15/2016,22:00,196.49,202.52,196.40,200.42,3085115,0
09/16/2016,22:00,200.42,205.70,199.00,205.40,3107808,0
09/19/2016,22:00,207.00,209.43,205.00,206.34,2299498,0
09/20/2016,22:00,206.85,207.75,203.91,204.64,2410488,0
09/21/2016,22:00,206.37,207.00,201.56,205.22,2633503,0
09/22/2016,22:00,206.40,207.28,203.00,206.43,2382902,0
09/23/2016,22:00,205.99,210.18,205.67,207.45,2905229,0
09/26/2016,22:00,206.50,211.00,206.50,208.99,2394358,0
09/27/2016,22:00,209.65,209.98,204.61,205.81,3373180,0
09/28/2016,22:00,207.51,208.25,205.26,206.27,2088374,0
09/29/2016,22:00,205.60,207.33,200.58,200.70,2727029,0
09/30/2016,22:00,202.21,204.98,199.55,204.03,2586273,0
10/03/2016,22:00,210.98,215.67,208.25,213.70,5999892,0
10/04/2016,22:00,213.10,213.32,208.82,211.41,3541481,0
10/05/2016,22:00,212.24,213.15,208.12,208.46,1877534,0
10/06/2016,22:00,202.46,204.21,200.21,201.00,4703402,0
10/07/2016,22:00,201.00,201.32,195.80,196.61,3493018,0
10/10/2016,22:00,201.35,204.14,199.66,200.95,3316297,0
10/11/2016,22:00,201.85,202.20,198.31,200.10,2328422,0
10/12/2016,22:00,200.95,203.88,200.42,201.51,1970689,0
10/13/2016,22:00,200.50,200.90,197.05,200.24,2495413,0
10/14/2016,22:00,200.66,201.43,196.30,196.51,4269850,0
10/17/2016,22:00,197.67,198.39,192.00,193.96,4554080,0
10/18/2016,22:00,195.99,199.47,193.26,199.10,5680475,0
10/19/2016,22:00,199.11,206.66,198.06,203.56,6991183,0
10/20/2016,22:00,202.12,203.00,197.05,199.10,5072877,0
10/21/2016,22:00,198.60,201.57,197.41,200.09,2943402,0
10/24/2016,22:00,201.00,203.95,200.25,202.76,2751562,0
10/25/2016,22:00,202.90,204.69,201.20,202.34,2445014,0
10/26/2016,22:00,201.00,203.19,200.10,202.24,5632841,0
10/27/2016,22:00,211.34,213.70,201.65,204.01,13093744,0
10/28/2016,22:00,204.00,205.32,199.83,199.97,4280141,0
10/31/2016,22:00,202.29,202.49,195.81,197.73,4692273,0
11/01/2016,22:00,198.04,198.50,188.10,190.79,7060036,0
11/02/2016,22:00,189.60,192.70,187.51,188.02,4253382,0
11/03/2016,22:00,189.00,191.47,187.04,187.42,2653023,0
11/04/2016,22:00,188.00,193.46,185.96,190.56,5146043,0
11/07/2016,22:00,193.59,194.29,190.05,193.21,3870112,0
11/08/2016,22:00,193.79,197.49,191.26,194.94,3267580,0
11/09/2016,22:00,186.88,192.00,183.95,190.06,8173065,0
11/10/2016,22:00,191.05,191.61,180.42,185.35,6750341,0
11/11/2016,22:00,184.24,188.88,183.00,188.56,3988504,0
11/14/2016,22:00,188.00,188.25,178.19,181.45,6552205,0
11/15/2016,22:00,182.78,186.43,182.05,183.77,3902018,0
11/16/2016,22:00,182.65,184.73,181.21,183.93,3434437,0
11/17/2016,22:00,183.49,189.49,182.11,188.66,4887067,0
11/18/2016,22:00,190.65,193.00,185.00,185.02,5210347,0
11/21/2016,22:00,185.04,188.89,184.41,184.52,4361043,0
11/22/2016,22:00,185.84,191.47,183.71,191.17,5603361,0
11/23/2016,22:00,190.61,195.64,189.00,193.14,4891893,0
11/25/2016,22:00,194.39,197.24,193.64,196.65,2366098,0
11/28/2016,22:00,195.48,199.35,194.55,196.12,4529182,0
11/29/2016,22:00,195.56,196.73,189.50,189.57,4439256,0
11/30/2016,22:00,191.00,191.89,187.50,189.40,3547104,0
12/01/2016,22:00,188.50,188.53,181.00,181.88,5126401,0
12/02/2016,22:00,182.88,184.88,180.00,181.47,4042324,0
12/05/2016,22:00,182.51,188.89,182.51,186.80,4072239,0
12/06/2016,22:00,186.50,186.58,182.68,185.85,3391622,0
12/07/2016,22:00,186.15,193.40,185.00,193.15,5461851,0
12/08/2016,22:00,192.05,192.50,189.54,192.29,3194148,0
12/09/2016,22:00,190.87,193.84,190.81,192.18,2722505,0
12/12/2016,22:00,192.80,194.42,191.04,192.43,2438876,0
12/13/2016,22:00,193.18,201.28,193.00,198.15,6823884,0
12/14/2016,22:00,198.74,203.00,196.76,198.69,4150927,0
12/15/2016,22:00,198.41,200.74,197.39,197.58,3219567,0
12/16/2016,22:00,198.08,202.59,197.60,202.49,3796889,0
12/19/2016,22:00,202.49,204.45,199.84,202.73,3488071,0
12/20/2016,22:00,203.05,209.00,202.50,208.79,4689071,0
12/21/2016,22:00,208.45,212.23,207.41,207.70,5207622,0
12/22/2016,22:00,208.22,209.99,206.50,208.45,3111108,0
12/23/2016,22:00,208.00,213.45,207.71,213.34,4670464,0
12/27/2016,22:00,214.88,222.25,214.42,219.53,5915732,0
12/28/2016,22:00,221.53,223.80,217.20,219.74,3782456,0
12/29/2016,22:00,218.56,219.20,214.12,214.68,4044968,0
12/30/2016,22:00,216.30,217.50,211.68,213.69,4642620,0
01/03/2017,22:00,215.00,220.33,210.96,216.99,5923254,0
01/04/2017,22:00,214.75,228.00,214.31,226.99,11213471,0
01/05/2017,22:00,226.42,227.48,221.95,226.75,5911695,0
01/06/2017,22:00,226.93,230.31,225.45,229.01,5527893,0
01/09/2017,22:00,228.97,231.92,228.00,231.28,3979484,0
01/10/2017,22:00,232.00,232.00,226.89,229.87,3659955,0
01/11/2017,22:00,229.07,229.98,226.68,229.73,3650825,0
01/12/2017,22:00,229.06,230.70,225.58,229.59,3790229,0
01/13/2017,22:00,230.00,237.85,229.59,237.75,6092960,0
01/17/2017,22:00,236.70,239.96,234.37,235.58,4617522,0
01/18/2017,22:00,237.01,239.71,235.58,238.36,3768967,0
01/19/2017,22:00,247.25,248.68,240.75,243.76,7732303,0
01/20/2017,22:00,245.46,246.00,243.01,244.73,4204275,0
01/23/2017,22:00,245.85,250.89,245.50,248.92,6262938,0
01/24/2017,22:00,250.00,254.80,249.65,254.61,4965451,0
01/25/2017,22:00,257.31,258.46,251.80,254.47,5146361,0
01/26/2017,22:00,254.29,255.74,250.75,252.51,3152123,0
01/27/2017,22:00,251.38,253.00,248.52,252.95,3166336,0
01/30/2017,22:00,252.53,255.29,247.10,250.63,3801074,0
01/31/2017,22:00,249.24,255.89,247.70,251.93,4116104,0
02/01/2017,22:00,253.05,253.20,249.05,249.24,3958829,0
02/02/2017,22:00,248.34,252.42,247.71,251.55,2499775,0
02/03/2017,22:00,251.91,252.18,249.68,251.33,2186723,0
02/06/2017,22:00,251.00,257.82,250.63,257.77,3562517,0
02/07/2017,22:00,258.19,260.00,256.42,257.48,4244775,0
02/08/2017,22:00,257.35,263.36,256.20,262.08,3933014,0
02/09/2017,22:00,266.25,271.18,266.15,269.20,7820222,0
02/10/2017,22:00,269.79,270.95,266.11,269.23,3619739,0
02/13/2017,22:00,270.74,280.79,270.51,280.60,7029605,0
02/14/2017,22:00,279.03,287.39,278.61,280.98,7345224,0
02/15/2017,22:00,280.00,282.24,276.44,279.76,4947856,0
02/16/2017,22:00,277.60,280.00,268.50,268.95,7077322,0
02/17/2017,22:00,265.04,272.89,264.15,272.23,6257149,0
02/21/2017,22:00,275.45,281.40,274.01,277.39,5676747,0
02/22/2017,22:00,280.31,283.45,272.60,273.51,8754975,0
02/23/2017,22:00,264.00,264.66,255.56,255.99,14915249,0
02/24/2017,22:00,252.34,258.25,250.20,257.00,8171626,0
02/27/2017,22:00,248.17,248.36,242.01,246.23,11460810,0
02/28/2017,22:00,244.19,251.00,243.90,249.99,6078145,0
03/01/2017,22:00,254.18,254.85,249.11,250.02,4809488,0
03/02/2017,22:00,249.71,253.28,248.27,250.48,3351833,0
03/03/2017,22:00,250.74,251.90,249.00,251.57,2929234,0
03/06/2017,22:00,247.91,251.70,247.51,251.21,3355500,0
03/07/2017,22:00,251.92,253.89,248.32,248.59,3459470,0
03/08/2017,22:00,247.00,250.07,245.32,246.87,3728649,0
03/09/2017,22:00,247.63,248.66,243.00,244.90,3879293,0
03/10/2017,22:00,246.21,246.50,243.00,243.69,3066272,0
03/13/2017,22:00,244.82,246.85,242.78,246.17,3022625,0
03/14/2017,22:00,246.11,258.12,246.02,258.00,7598446,0
03/15/2017,22:00,257.00,261.00,254.27,255.73,5330806,0
03/16/2017,22:00,262.40,265.75,259.06,262.05,7132153,0
03/17/2017,22:00,264.00,265.33,261.20,261.50,6497496,0
03/20/2017,22:00,260.60,264.55,258.82,261.92,3614294,0
03/21/2017,22:00,262.83,264.80,250.24,250.68,6908554,0
03/22/2017,22:00,251.56,255.07,250.51,255.01,4059297,0
03/23/2017,22:00,255.39,257.67,253.30,254.78,3320245,0
03/24/2017,22:00,255.70,263.89,255.01,263.16,5647253,0
03/27/2017,22:00,260.60,270.57,259.75,270.22,6230795,0
03/28/2017,22:00,277.02,280.68,275.00,277.45,7987604,0
03/29/2017,22:00,278.34,279.60,275.54,277.38,3676157,0
03/30/2017,22:00,278.04,282.00,277.21,277.92,4148426,0
03/31/2017,22:00,278.73,279.68,276.32,278.30,3294640,0
04/03/2017,22:00,286.90,299.00,284.58,298.52,13888618,0
04/04/2017,22:00,296.89,304.81,294.53,303.70,10134556,0
04/05/2017,22:00,302.04,304.88,294.20,295.00,7880938,0
04/06/2017,22:00,296.88,301.94,294.10,298.70,5520588,0
04/07/2017,22:00,297.50,302.69,297.15,302.54,4579613,0
04/10/2017,22:00,309.15,313.73,308.71,312.39,7664458,0
04/11/2017,22:00,313.38,313.47,305.50,308.71,5724577,0
04/12/2017,22:00,306.34,308.45,296.32,296.84,6050682,0
04/13/2017,22:00,296.70,307.39,295.30,304.00,9284634,0
04/17/2017,22:00,302.70,304.00,298.68,301.44,4138736,0
04/18/2017,22:00,299.70,300.84,297.90,300.25,3035698,0
04/19/2017,22:00,302.46,306.62,302.11,305.52,3898024,0
04/20/2017,22:00,306.51,309.15,300.23,302.51,6149352,0
04/21/2017,22:00,302.00,306.40,300.42,305.60,4509756,0
04/24/2017,22:00,309.22,310.55,306.02,308.03,5083505,0
04/25/2017,22:00,308.00,313.98,305.86,313.79,6737708,0
04/26/2017,22:00,312.37,314.50,309.00,310.17,4695044,0
04/27/2017,22:00,311.69,313.09,307.50,308.63,3468569,0
04/28/2017,22:00,309.83,314.80,308.00,314.07,4505478,0
05/01/2017,22:00,314.88,327.25,314.81,322.83,8829565,0
05/02/2017,22:00,324.00,327.66,316.56,318.89,5382777,0
05/03/2017,22:00,317.67,321.53,310.45,311.02,7133365,0
05/04/2017,22:00,307.43,307.77,290.76,295.46,14152008,0
05/05/2017,22:00,298.00,308.55,296.80,308.35,8177347,0
05/08/2017,22:00,310.90,313.79,305.82,307.19,7006471,0
05/09/2017,22:00,309.38,321.99,309.10,321.26,9676537,0
05/10/2017,22:00,321.56,325.50,318.12,325.22,5741607,0
05/11/2017,22:00,323.40,326.00,319.60,323.10,4753819,0
05/12/2017,22:00,325.48,327.00,321.53,324.81,4121612,0
05/15/2017,22:00,318.38,320.20,312.53,315.88,7622004,0
05/16/2017,22:00,317.59,320.06,315.14,317.01,4152484,0
05/17/2017,22:00,314.39,314.63,305.50,306.11,6711940,0
05/18/2017,22:00,307.00,313.94,305.31,313.06,5653801,0
05/19/2017,22:00,315.50,316.50,310.20,310.83,4687572,0
05/22/2017,22:00,312.80,314.37,306.80,310.35,4329178,0
05/23/2017,22:00,310.46,310.73,303.48,303.86,4318354,0
05/24/2017,22:00,306.51,311.00,305.40,310.22,5041692,0
05/25/2017,22:00,311.02,316.97,307.81,316.83,5013963,0
05/26/2017,22:00,317.28,325.49,316.31,325.14,7802199,0
05/30/2017,22:00,326.00,336.28,325.76,335.10,7782916,0
05/31/2017,22:00,337.69,342.89,335.16,341.01,9963444,0
06/01/2017,22:00,344.00,344.88,337.29,340.37,7607996,0
06/02/2017,22:00,339.77,342.88,335.93,339.85,5590239,0
06/05/2017,22:00,338.50,348.44,334.21,347.32,6784368,0
06/06/2017,22:00,344.70,359.49,339.97,352.85,11086798,0
06/07/2017,22:00,356.34,360.50,355.14,359.65,9397959,0
06/08/2017,22:00,363.75,371.90,360.22,370.00,9061496,0
06/09/2017,22:00,374.42,376.87,354.80,357.32,17261435,0
06/12/2017,22:00,357.99,364.50,350.62,359.01,10517660,0
06/13/2017,22:00,367.62,376.00,366.61,375.95,11807920,0
06/14/2017,22:00,381.08,384.25,376.31,380.66,12818429,0
06/15/2017,22:00,372.50,375.46,366.49,375.34,10426469,0
06/16/2017,22:00,377.98,378.01,370.10,371.40,6730973,0
06/19/2017,22:00,375.00,376.70,367.80,369.80,6549332,0
06/20/2017,22:00,376.67,378.88,369.73,372.24,7438701,0
06/21/2017,22:00,374.35,376.99,368.02,376.40,4923210,0
06/22/2017,22:00,377.99,385.00,373.57,382.61,7529778,0
06/23/2017,22:00,382.45,386.99,379.35,383.45,6445758,0
06/26/2017,22:00,386.69,386.95,373.10,377.49,6604099,0
06/27/2017,22:00,376.40,376.40,362.02,362.37,6996399,0
06/28/2017,22:00,367.60,371.74,362.52,371.24,6302463,0
06/29/2017,22:00,370.61,371.00,354.10,360.75,8221038,0
06/30/2017,22:00,363.71,366.77,359.62,361.61,5848521,0
07/03/2017,22:00,368.90,371.35,351.50,352.62,6305401,0
07/05/2017,22:00,347.20,347.24,326.33,327.09,17046701,0
07/06/2017,22:00,317.26,320.79,306.30,308.83,19324495,0
07/07/2017,22:00,314.75,317.00,307.38,313.22,14176915,0
07/10/2017,22:00,312.90,317.94,303.13,316.05,13820889,0
07/11/2017,22:00,316.00,327.28,314.30,327.22,11559402,0
07/12/2017,22:00,331.00,333.10,324.50,329.52,10346127,0
07/13/2017,22:00,330.11,331.60,319.97,323.41,8594466,0
07/14/2017,22:00,323.19,328.42,321.22,327.78,5625211,0
07/17/2017,22:00,325.54,327.10,313.45,319.57,9876912,0
07/18/2017,22:00,317.50,329.13,315.66,328.24,6373720,0
07/19/2017,22:00,328.23,331.65,323.22,325.26,6357014,0
07/20/2017,22:00,326.90,330.22,324.20,329.92,5166188,0
07/21/2017,22:00,329.46,331.26,325.80,328.40,4901606,0
07/24/2017,22:00,330.24,343.40,330.01,342.52,8637082,0
07/25/2017,22:00,345.00,345.60,334.15,339.60,6989197,0
07/26/2017,22:00,341.28,345.50,338.12,343.85,4820790,0
07/27/2017,22:00,346.00,347.50,326.29,334.46,8302405,0
07/28/2017,22:00,336.89,339.60,332.51,335.07,4880414,0
07/31/2017,22:00,335.50,341.49,321.04,323.47,8535136,0
08/01/2017,22:00,323.00,324.45,316.13,319.57,8303102,0
08/02/2017,22:00,318.94,327.12,311.22,325.89,13091462,0
08/03/2017,22:00,346.79,350.00,343.15,347.09,13535033,0
08/04/2017,22:00,347.00,357.27,343.30,356.91,9268909,0
08/07/2017,22:00,357.35,359.48,352.75,355.17,6324480,0
08/08/2017,22:00,357.53,368.58,357.40,365.22,7449837,0
08/09/2017,22:00,361.00,370.00,358.95,363.53,6892096,0
08/10/2017,22:00,361.60,366.65,354.66,355.40,7092858,0
08/11/2017,22:00,356.97,361.26,353.62,357.87,4365783,0
08/14/2017,22:00,364.63,367.66,362.60,363.80,4519186,0
08/15/2017,22:00,365.20,365.49,359.37,362.33,3085088,0
08/16/2017,22:00,363.00,366.50,362.52,362.91,3413773,0
08/17/2017,22:00,361.21,363.30,351.59,351.92,5027660,0
08/18/2017,22:00,352.91,354.00,345.80,347.46,5408183,0
08/21/2017,22:00,345.05,345.82,331.85,337.86,6495424,0
08/22/2017,22:00,341.13,342.24,337.37,341.35,4321966,0
08/23/2017,22:00,338.99,353.49,338.30,352.77,4954504,0
08/24/2017,22:00,352.52,356.66,349.74,352.93,4584687,0
08/25/2017,22:00,354.24,355.69,347.30,348.05,3483956,0
08/28/2017,22:00,347.28,347.35,339.72,345.66,3763956,0
08/29/2017,22:00,339.48,349.05,338.75,347.36,4073675,0
08/30/2017,22:00,349.67,353.47,347.00,353.18,3412943,0
08/31/2017,22:00,353.55,358.44,352.82,355.90,4072795,0
09/01/2017,22:00,356.12,357.59,353.69,355.40,3049546,0
09/05/2017,22:00,353.80,355.49,345.89,349.59,3848382,0
09/06/2017,22:00,349.50,350.98,341.56,344.53,4091351,0
09/07/2017,22:00,345.98,352.48,343.45,350.61,4239213,0
09/08/2017,22:00,348.99,349.78,342.30,343.40,3263508,0
09/11/2017,22:00,351.35,363.71,350.00,363.69,7667055,0
09/12/2017,22:00,364.49,368.76,360.40,362.75,5972907,0
09/13/2017,22:00,363.82,368.07,359.59,366.23,4185231,0
09/14/2017,22:00,364.33,377.96,362.63,377.64,7202524,0
09/15/2017,22:00,374.51,380.00,372.70,379.81,5420496,0
09/18/2017,22:00,380.25,389.61,377.68,385.00,7187980,0
09/19/2017,22:00,380.00,382.39,373.57,375.10,6451886,0
09/20/2017,22:00,373.00,378.25,371.07,373.91,4919052,0
09/21/2017,22:00,374.90,376.83,364.51,366.48,4618190,0
09/22/2017,22:00,366.49,369.90,350.88,351.09,8159418,0
09/25/2017,22:00,353.15,357.47,342.88,344.99,7605946,0
09/26/2017,22:00,350.93,351.24,340.90,345.25,7156274,0
09/27/2017,22:00,349.90,351.49,340.50,340.97,6060330,0
09/28/2017,22:00,339.88,342.75,335.40,339.60,5319617,0
09/29/2017,22:00,341.86,344.68,338.60,341.10,5107082,0
10/02/2017,22:00,342.52,343.70,335.51,341.53,5286774,0
10/03/2017,22:00,335.90,348.55,331.28,348.14,10153596,0
10/04/2017,22:00,351.25,358.62,349.60,355.01,8163543,0
10/05/2017,22:00,356.00,357.43,351.35,355.33,4171675,0
10/06/2017,22:00,353.10,360.10,352.25,356.88,4297474,0
10/09/2017,22:00,349.65,351.75,342.67,342.94,7493654,0
10/10/2017,22:00,346.80,355.63,345.53,355.59,6978495,0
10/11/2017,22:00,353.89,357.60,351.15,354.60,4500831,0
10/12/2017,22:00,352.95,359.78,352.64,355.68,4087048,0
10/13/2017,22:00,356.98,358.49,353.68,355.57,3540533,0
10/16/2017,22:00,353.76,354.48,347.16,350.60,5375486,0
10/17/2017,22:00,350.91,356.22,350.07,355.75,3293345,0
10/18/2017,22:00,355.97,363.00,354.13,359.65,4939074,0
10/19/2017,22:00,355.56,357.15,348.20,351.81,5061843,0
10/20/2017,22:00,352.69,354.55,344.34,345.10,4930395,0
10/23/2017,22:00,349.88,349.95,336.25,337.02,5747346,0
10/24/2017,22:00,338.80,342.80,336.16,337.34,4491672,0
10/25/2017,22:00,336.70,337.50,323.56,325.84,8594073,0
10/26/2017,22:00,327.78,330.23,323.20,326.17,5023500,0
10/27/2017,22:00,319.75,324.59,316.66,320.87,6979704,0
10/30/2017,22:00,319.18,323.78,317.25,320.08,4254378,0
10/31/2017,22:00,320.23,331.95,320.18,331.53,5672347,0
11/01/2017,22:00,332.25,332.61,320.26,321.08,8457336,0
11/02/2017,22:00,300.13,308.69,292.63,299.26,19791416,0
11/03/2017,22:00,299.50,306.25,295.13,306.09,8893974,0
11/06/2017,22:00,307.00,307.50,299.01,302.78,6486009,0
11/07/2017,22:00,301.02,306.50,300.03,306.05,5294274,0
11/08/2017,22:00,305.50,306.89,301.30,304.39,4725271,0
11/09/2017,22:00,302.50,304.46,296.30,302.99,5447147,0
11/10/2017,22:00,302.50,308.36,301.85,302.99,4625429,0
11/13/2017,22:00,300.13,316.80,299.11,315.40,7584944,0
11/14/2017,22:00,315.00,316.35,306.90,308.70,5676076,0
11/15/2017,22:00,306.01,312.49,301.50,311.30,5978665,0
11/16/2017,22:00,313.99,318.14,311.30,312.50,5822073,0
11/17/2017,22:00,325.67,326.67,313.15,315.05,13735139,0
11/20/2017,22:00,313.79,315.50,304.75,308.74,8247650,0
11/21/2017,22:00,310.86,318.23,308.71,317.81,7261273,0
11/22/2017,22:00,316.77,317.42,311.84,312.60,4917636,0
11/24/2017,22:00,313.79,316.41,311.00,315.55,3244065,0
11/27/2017,22:00,313.25,317.34,309.51,316.81,4555894,0
11/28/2017,22:00,316.36,320.00,313.92,317.55,4949491,0
11/29/2017,22:00,317.30,318.00,301.23,307.54,8767398,0
11/30/2017,22:00,308.92,310.70,304.54,308.85,4351587,0
12/01/2017,22:00,305.44,310.32,305.05,306.53,4292868,0
12/04/2017,22:00,306.50,308.27,300.61,305.20,5835140,0
12/05/2017,22:00,302.00,308.00,301.00,303.70,4646520,0
12/06/2017,22:00,300.10,313.39,300.00,313.26,7195341,0
12/07/2017,22:00,312.00,318.63,311.05,311.24,4780597,0
12/08/2017,22:00,314.60,316.98,311.26,315.13,3468458,0
12/11/2017,22:00,314.63,329.01,313.75,328.91,7937981,0
12/12/2017,22:00,330.45,341.44,330.03,341.03,8733199,0
12/13/2017,22:00,340.93,344.22,336.50,339.03,6221461,0
12/14/2017,22:00,341.01,347.44,336.90,337.89,5799916,0
12/15/2017,22:00,342.04,343.90,335.76,343.45,6933199,0
12/18/2017,22:00,344.90,346.73,337.58,338.87,5476166,0
12/19/2017,22:00,340.26,341.49,330.30,331.10,6824971,0
12/20/2017,22:00,332.69,333.10,325.04,328.98,5953800,0
12/21/2017,22:00,329.59,333.74,327.21,331.66,4385222,0
12/22/2017,22:00,329.51,330.92,324.82,325.20,4215807,0
12/26/2017,22:00,323.83,323.94,316.58,317.29,4378413,0
12/27/2017,22:00,316.00,317.68,310.75,311.64,4712111,0
12/28/2017,22:00,311.75,315.82,309.54,315.36,4316347,0
12/29/2017,22:00,316.18,316.41,310.00,311.35,3777155,0
