"Date","Time","Open","High","Low","Close","Vol","OI"
01/04/2016,22:00,102.61,105.37,102.00,105.35,67649387,0
01/05/2016,22:00,105.75,105.85,102.41,102.71,55790992,0
01/06/2016,22:00,100.56,102.37,99.87,100.70,68457388,0
01/07/2016,22:00,98.68,100.13,96.43,96.45,81094428,0
01/08/2016,22:00,98.55,99.11,96.76,96.96,70798016,0
01/11/2016,22:00,98.97,99.06,97.34,98.53,49739377,0
01/12/2016,22:00,100.55,100.69,98.84,99.96,49154227,0
01/13/2016,22:00,100.32,101.19,97.30,97.39,62439631,0
01/14/2016,22:00,97.96,100.48,95.74,99.52,63170127,0
01/15/2016,22:00,96.20,97.71,95.36,97.13,79833891,0
01/19/2016,22:00,98.41,98.65,95.50,96.66,53087747,0
01/20/2016,22:00,95.10,98.19,93.42,96.79,72334416,0
01/21/2016,22:00,97.06,97.88,94.94,96.30,52161463,0
01/22/2016,22:00,98.57,101.46,98.37,101.42,65800467,0
01/25/2016,22:00,101.52,101.53,99.21,99.44,51794525,0
01/26/2016,22:00,99.93,100.88,98.07,99.99,75077002,0
01/27/2016,22:00,96.04,96.63,93.34,93.42,133369674,0
01/28/2016,22:00,93.79,94.52,92.39,94.09,55678825,0
01/29/2016,22:00,94.79,97.34,94.35,97.34,64416504,0
02/01/2016,22:00,96.47,96.71,95.40,96.43,40943541,0
02/02/2016,22:00,95.42,96.04,94.28,94.48,37357215,0
02/03/2016,22:00,95.00,96.84,94.08,96.35,45964294,0
02/04/2016,22:00,95.86,97.33,95.19,96.60,46471652,0
02/05/2016,22:00,96.52,96.92,93.69,94.02,46418064,0
02/08/2016,22:00,93.13,95.70,93.04,95.01,54021375,0
02/09/2016,22:00,94.29,95.94,93.93,94.99,44331195,0
02/10/2016,22:00,95.92,96.35,94.10,94.27,42343601,0
02/11/2016,22:00,93.79,94.72,92.59,93.70,50074711,0
02/12/2016,22:00,94.19,94.50,93.01,93.99,40351381,0
02/16/2016,22:00,95.02,96.85,94.61,96.64,49057916,0
02/17/2016,22:00,96.67,98.21,96.15,98.12,44863243,0
02/18/2016,22:00,98.84,98.89,96.09,96.26,39020983,0
02/19/2016,22:00,96.00,96.76,95.80,96.04,35374173,0
02/22/2016,22:00,96.31,96.90,95.92,96.88,34280758,0
02/23/2016,22:00,96.40,96.50,94.55,94.69,31942633,0
02/24/2016,22:00,93.98,96.38,93.32,96.10,36255745,0
02/25/2016,22:00,96.05,96.76,95.25,96.76,27582659,0
02/26/2016,22:00,97.20,98.02,96.58,96.91,28991131,0
02/29/2016,22:00,96.86,98.23,96.65,96.69,35216277,0
03/01/2016,22:00,97.65,100.77,97.42,100.53,50407147,0
03/02/2016,22:00,100.51,100.89,99.64,100.75,33169560,0
03/03/2016,22:00,100.58,101.71,100.45,101.50,36955742,0
03/04/2016,22:00,102.37,103.75,101.37,103.01,46055100,0
03/07/2016,22:00,102.39,102.83,100.96,101.87,35915810,0
03/08/2016,22:00,100.78,101.76,100.40,101.03,31561889,0
03/09/2016,22:00,101.31,101.58,100.27,101.12,27201683,0
03/10/2016,22:00,101.41,102.24,100.15,101.17,33513577,0
03/11/2016,22:00,102.24,102.28,101.50,102.26,27408237,0
03/14/2016,22:00,101.91,102.91,101.78,102.52,25076062,0
03/15/2016,22:00,103.96,105.18,103.85,104.58,40067734,0
03/16/2016,22:00,104.61,106.31,104.59,105.97,38303493,0
03/17/2016,22:00,105.52,106.47,104.96,105.80,34420705,0
03/18/2016,22:00,106.34,106.50,105.19,105.92,44205171,0
03/21/2016,22:00,105.93,107.65,105.14,105.91,35502678,0
03/22/2016,22:00,105.25,107.29,105.21,106.72,32444375,0
03/23/2016,22:00,106.48,107.07,105.90,106.13,25703495,0
03/24/2016,22:00,105.47,106.25,104.89,105.67,26132955,0
03/28/2016,22:00,106.00,106.19,105.06,105.19,19411372,0
03/29/2016,22:00,104.89,107.79,104.88,107.68,31190083,0
03/30/2016,22:00,108.65,110.42,108.60,109.56,45601149,0
03/31/2016,22:00,109.72,109.90,108.88,108.99,25888449,0
04/01/2016,22:00,108.78,110.00,108.20,109.99,25873950,0
04/04/2016,22:00,110.42,112.19,110.27,111.12,37356204,0
04/05/2016,22:00,109.51,110.73,109.42,109.81,26578652,0
04/06/2016,22:00,110.23,110.98,109.20,110.96,26404077,0
04/07/2016,22:00,109.95,110.42,108.12,108.54,31801870,0
04/08/2016,22:00,108.91,109.77,108.17,108.66,23581740,0
04/11/2016,22:00,108.97,110.61,108.83,109.02,29407518,0
04/12/2016,22:00,109.34,110.50,108.66,110.44,27232325,0
04/13/2016,22:00,110.80,112.34,110.80,112.04,33257316,0
04/14/2016,22:00,111.62,112.39,111.33,112.10,25473923,0
04/15/2016,22:00,112.11,112.30,109.73,109.85,46938969,0
04/18/2016,22:00,108.89,108.95,106.94,107.48,60821461,0
04/19/2016,22:00,107.88,108.00,106.23,106.91,32384879,0
04/20/2016,22:00,106.64,108.09,106.06,107.13,30611030,0
04/21/2016,22:00,106.93,106.93,105.52,105.97,31552525,0
04/22/2016,22:00,105.01,106.48,104.62,105.68,33683121,0
04/25/2016,22:00,105.00,105.65,104.51,105.08,28031588,0
04/26/2016,22:00,103.91,105.30,103.91,104.35,56016165,0
04/27/2016,22:00,96.00,98.71,95.68,97.82,114602142,0
04/28/2016,22:00,97.61,97.88,94.25,94.83,82242690,0
04/29/2016,22:00,93.99,94.72,92.51,93.74,68531478,0
05/02/2016,22:00,93.96,94.08,92.40,93.64,48160104,0
05/03/2016,22:00,94.20,95.74,93.68,95.18,56831277,0
05/04/2016,22:00,95.20,95.90,93.82,94.19,41025475,0
05/05/2016,22:00,94.00,94.07,92.68,93.24,35890500,0
05/06/2016,22:00,93.37,93.45,91.85,92.72,43699886,0
05/09/2016,22:00,93.00,93.77,92.59,92.79,32936436,0
05/10/2016,22:00,93.33,93.57,92.11,93.42,33686836,0
05/11/2016,22:00,93.48,93.57,92.46,92.51,28719109,0
05/12/2016,22:00,92.72,92.78,89.47,90.34,76314690,0
05/13/2016,22:00,90.00,91.67,90.00,90.52,44392765,0
05/16/2016,22:00,92.39,94.39,91.65,93.88,61259756,0
05/17/2016,22:00,94.55,94.70,93.01,93.49,46916939,0
05/18/2016,22:00,94.16,95.21,93.89,94.56,42062391,0
05/19/2016,22:00,94.64,94.64,93.57,94.20,30442100,0
05/20/2016,22:00,94.64,95.43,94.52,95.22,32025968,0
05/23/2016,22:00,95.87,97.19,95.67,96.43,38018643,0
05/24/2016,22:00,97.22,98.09,96.84,97.90,35140174,0
05/25/2016,22:00,98.56,99.74,98.11,99.62,38642108,0
05/26/2016,22:00,99.68,100.73,98.64,100.41,56331159,0
05/27/2016,22:00,99.44,100.47,99.25,100.35,36341240,0
05/31/2016,22:00,99.60,100.40,98.82,99.86,42307212,0
06/01/2016,22:00,99.02,99.54,98.33,98.46,29173285,0
06/02/2016,22:00,97.60,97.84,96.63,97.72,40191600,0
06/03/2016,22:00,97.79,98.27,97.45,97.92,28504888,0
06/06/2016,22:00,97.99,99.14,97.55,98.63,23292504,0
06/07/2016,22:00,99.25,99.87,98.96,99.03,22409450,0
06/08/2016,22:00,99.02,99.56,98.68,98.94,20848131,0
06/09/2016,22:00,98.50,99.99,98.46,99.65,26601354,0
06/10/2016,22:00,98.53,99.35,98.48,98.83,31712936,0
06/13/2016,22:00,98.69,99.12,97.10,97.34,38020494,0
06/14/2016,22:00,97.32,98.47,96.75,97.46,31931944,0
06/15/2016,22:00,97.82,98.41,97.03,97.14,29445227,0
06/16/2016,22:00,96.45,97.75,96.07,97.55,31326815,0
06/17/2016,22:00,96.62,96.65,95.30,95.33,61008219,0
06/20/2016,22:00,96.00,96.57,95.03,95.10,34411901,0
06/21/2016,22:00,94.94,96.35,94.68,95.91,35546358,0
06/22/2016,22:00,96.25,96.89,95.35,95.55,29219122,0
06/23/2016,22:00,95.94,96.29,95.25,96.10,32240187,0
06/24/2016,22:00,92.91,94.65,92.65,93.40,75311356,0
06/27/2016,22:00,93.00,93.05,91.50,92.04,46622188,0
06/28/2016,22:00,92.90,93.66,92.14,93.59,40444914,0
06/29/2016,22:00,93.97,94.55,93.63,94.40,36531006,0
06/30/2016,22:00,94.44,95.77,94.30,95.60,35836356,0
07/01/2016,22:00,95.49,96.46,95.33,95.89,26026540,0
07/05/2016,22:00,95.39,95.40,94.46,94.99,27705210,0
07/06/2016,22:00,94.60,95.66,94.37,95.53,30949090,0
07/07/2016,22:00,95.70,96.50,95.62,95.94,25139558,0
07/08/2016,22:00,96.49,96.89,96.05,96.68,28912103,0
07/11/2016,22:00,96.75,97.65,96.73,96.98,23794945,0
07/12/2016,22:00,97.17,97.70,97.12,97.42,24167463,0
07/13/2016,22:00,97.41,97.67,96.84,96.87,25892171,0
07/14/2016,22:00,97.39,98.99,97.32,98.79,38918997,0
07/15/2016,22:00,98.92,99.30,98.50,98.78,30136990,0
07/18/2016,22:00,98.70,100.13,98.60,99.83,36493867,0
07/19/2016,22:00,99.56,100.00,99.34,99.87,23779924,0
07/20/2016,22:00,100.00,100.46,99.74,99.96,26275968,0
07/21/2016,22:00,99.83,101.00,99.13,99.43,32702028,0
07/22/2016,22:00,99.26,99.30,98.31,98.66,28313669,0
07/25/2016,22:00,98.25,98.84,96.92,97.34,40382921,0
07/26/2016,22:00,96.82,97.97,96.42,96.67,56239822,0
07/27/2016,22:00,104.26,104.35,102.75,102.95,92344820,0
07/28/2016,22:00,102.83,104.45,102.82,104.34,39869839,0
07/29/2016,22:00,104.19,104.55,103.68,104.21,27733688,0
08/01/2016,22:00,104.41,106.15,104.41,106.05,38167871,0
08/02/2016,22:00,105.63,106.07,104.00,104.48,33816556,0
08/03/2016,22:00,104.81,105.84,104.77,105.79,30202641,0
08/04/2016,22:00,105.58,106.00,105.28,105.87,27408650,0
08/05/2016,22:00,106.27,107.65,106.18,107.48,40553402,0
08/08/2016,22:00,107.52,108.37,107.16,108.37,28037220,0
08/09/2016,22:00,108.23,108.94,108.01,108.81,26315204,0
08/10/2016,22:00,108.71,108.90,107.76,108.00,24008505,0
08/11/2016,22:00,108.52,108.93,107.85,107.93,27484506,0
08/12/2016,22:00,107.78,108.44,107.78,108.18,18660434,0
08/15/2016,22:00,108.14,109.54,108.08,109.48,25868209,0
08/16/2016,22:00,109.63,110.23,109.21,109.38,33794448,0
08/17/2016,22:00,109.10,109.37,108.34,109.22,25355976,0
08/18/2016,22:00,109.23,109.60,109.02,109.08,21984703,0
08/19/2016,22:00,108.77,109.69,108.36,109.36,25368072,0
08/22/2016,22:00,108.86,109.10,107.85,108.51,25820230,0
08/23/2016,22:00,108.59,109.32,108.53,108.85,21257669,0
08/24/2016,22:00,108.57,108.75,107.68,108.03,23675081,0
08/25/2016,22:00,107.39,107.88,106.68,107.57,25086248,0
08/26/2016,22:00,107.41,107.95,106.31,106.94,27766291,0
08/29/2016,22:00,106.62,107.44,106.29,106.82,24970300,0
08/30/2016,22:00,105.80,106.50,105.50,106.00,24863945,0
08/31/2016,22:00,105.66,106.57,105.64,106.10,29662406,0
09/01/2016,22:00,106.14,106.80,105.62,106.73,26701523,0
09/02/2016,22:00,107.70,108.00,106.82,107.73,26802450,0
09/06/2016,22:00,107.90,108.30,107.51,107.70,26880391,0
09/07/2016,22:00,107.83,108.76,107.07,108.36,42364328,0
09/08/2016,22:00,107.25,107.27,105.24,105.52,53002026,0
09/09/2016,22:00,104.64,105.72,103.13,103.13,46556984,0
09/12/2016,22:00,102.65,105.72,102.53,105.44,45292770,0
09/13/2016,22:00,107.51,108.79,107.24,107.95,62176190,0
09/14/2016,22:00,108.73,113.03,108.60,111.77,112340318,0
09/15/2016,22:00,113.86,115.73,113.49,115.57,90613177,0
09/16/2016,22:00,115.12,116.13,114.04,114.92,79886911,0
09/19/2016,22:00,115.19,116.18,113.25,113.58,47023046,0
09/20/2016,22:00,113.05,114.12,112.51,113.57,34514269,0
09/21/2016,22:00,113.85,113.99,112.44,113.55,36003185,0
09/22/2016,22:00,114.35,114.94,114.00,114.62,31073984,0
09/23/2016,22:00,114.42,114.79,111.55,112.71,52481151,0
09/26/2016,22:00,111.64,113.39,111.55,112.88,29869442,0
09/27/2016,22:00,113.00,113.18,112.34,113.09,24607412,0
09/28/2016,22:00,113.69,114.64,113.43,113.95,29641085,0
09/29/2016,22:00,113.16,113.80,111.80,112.18,35886990,0
09/30/2016,22:00,112.46,113.37,111.80,113.05,36379106,0
10/03/2016,22:00,112.71,113.05,112.28,112.52,21701760,0
10/04/2016,22:00,113.06,114.31,112.63,113.00,29736835,0
10/05/2016,22:00,113.40,113.66,112.69,113.05,21453089,0
10/06/2016,22:00,113.70,114.34,113.13,113.89,28779313,0
10/07/2016,22:00,114.31,114.56,113.51,114.06,24358443,0
10/10/2016,22:00,115.02,116.75,114.72,116.05,36235956,0
10/11/2016,22:00,117.70,118.69,116.20,116.30,64041043,0
10/12/2016,22:00,117.35,117.98,116.75,117.34,37586787,0
10/13/2016,22:00,116.79,117.44,115.72,116.98,35192406,0
10/14/2016,22:00,117.88,118.17,117.13,117.63,35652191,0
10/17/2016,22:00,117.33,117.84,116.78,117.55,23624896,0
10/18/2016,22:00,118.01,118.21,117.45,117.47,24553478,0
10/19/2016,22:00,117.25,117.76,116.91,117.12,20034594,0
10/20/2016,22:00,116.86,117.38,116.33,117.06,24125801,0
10/21/2016,22:00,116.81,116.91,116.28,116.60,23192665,0
10/24/2016,22:00,117.10,117.74,117.00,117.65,23538673,0
10/25/2016,22:00,117.95,118.36,117.31,118.25,48128970,0
10/26/2016,22:00,114.31,115.70,113.31,115.59,66134219,0
10/27/2016,22:00,115.39,115.86,114.10,114.48,34562045,0
10/28/2016,22:00,113.87,115.21,113.45,113.72,37861662,0
10/31/2016,22:00,113.65,114.23,113.20,113.54,26419398,0
11/01/2016,22:00,113.46,113.77,110.53,111.49,43825812,0
11/02/2016,22:00,111.40,112.35,111.23,111.59,28331709,0
11/03/2016,22:00,110.98,111.46,109.55,109.83,26932602,0
11/04/2016,22:00,108.53,110.25,108.11,108.84,30836997,0
11/07/2016,22:00,110.08,110.51,109.46,110.41,32560000,0
11/08/2016,22:00,110.31,111.72,109.70,111.06,24254179,0
11/09/2016,22:00,109.88,111.32,108.05,110.88,59176361,0
11/10/2016,22:00,111.09,111.09,105.83,107.79,57134541,0
11/11/2016,22:00,107.12,108.87,106.55,108.43,34143898,0
11/14/2016,22:00,107.71,107.81,104.08,105.71,51175504,0
11/15/2016,22:00,106.57,107.68,106.16,107.11,32264510,0
11/16/2016,22:00,106.85,110.23,106.60,109.99,58840522,0
11/17/2016,22:00,109.81,110.35,108.83,109.95,27632003,0
11/18/2016,22:00,109.72,110.54,109.66,110.06,28428917,0
11/21/2016,22:00,110.12,111.99,110.01,111.73,29264571,0
11/22/2016,22:00,111.95,112.42,111.40,111.80,25965534,0
11/23/2016,22:00,111.36,111.51,110.33,111.23,27426394,0
11/25/2016,22:00,111.13,111.87,110.95,111.79,11475922,0
11/28/2016,22:00,111.43,112.46,111.39,111.57,27193983,0
11/29/2016,22:00,110.78,112.03,110.07,111.46,28528750,0
11/30/2016,22:00,111.60,112.20,110.27,110.52,36162258,0
12/01/2016,22:00,110.36,110.94,109.03,109.49,37086862,0
12/02/2016,22:00,109.20,110.09,108.85,109.90,26527997,0
12/05/2016,22:00,110.00,110.03,108.25,109.11,34324540,0
12/06/2016,22:00,109.50,110.36,109.19,109.95,26195462,0
12/07/2016,22:00,109.26,111.19,109.16,111.03,29998719,0
12/08/2016,22:00,110.86,112.43,110.60,112.12,27068316,0
12/09/2016,22:00,112.31,114.70,112.31,113.95,34402627,0
12/12/2016,22:00,113.29,113.33,112.49,113.30,26374377,0
12/13/2016,22:00,113.84,115.92,113.75,115.19,43733811,0
12/14/2016,22:00,115.04,116.20,114.98,115.19,34031834,0
12/15/2016,22:00,115.38,116.73,115.23,115.82,46524544,0
12/16/2016,22:00,116.47,116.50,115.64,115.97,44351134,0
12/19/2016,22:00,115.80,117.38,115.75,116.64,27779423,0
12/20/2016,22:00,116.74,117.50,116.68,116.95,21424965,0
12/21/2016,22:00,116.80,117.40,116.78,117.06,23783165,0
12/22/2016,22:00,116.35,116.51,115.64,116.29,26085854,0
12/23/2016,22:00,115.80,116.52,115.59,116.52,14249484,0
12/27/2016,22:00,116.52,117.80,116.49,117.26,18296855,0
12/28/2016,22:00,117.52,118.02,116.20,116.76,20905892,0
12/29/2016,22:00,116.45,117.11,116.40,116.73,15039519,0
12/30/2016,22:00,116.65,117.20,115.43,115.82,30586265,0
